1349509785606684672
1349549368025284608
1349584552397373440
1349619736769462272
1349654921141551104
1353050213048123392
1353402056769011712
1353542794257367040
1353630755187589120
1353665939559677952
1353701123931766784
1353736308303855616
1353771492675944448
1353793482908499968
1353802279001522176
1353811075094544384
1353819871187566592
1353824544111984640
1353824887709368320
1353825025148321792
1353825162587275264
1353825300026228736
1353825643623612416
1353826193379426304
1353827567768961024
1353829766792216576
1353831965815472128
1353837463373611008
1353855055559655424
1353877045792210944
1353912230164299776
1353947414536388608
1353982598908477440
1354017783280566272
1354105744210788352
1354246481699143680
1354387219187499008
1354527956675854336
1354668694164209664
1354809431652564992
1354897392582787072
1354932576954875904
1354951268652548096
1354952643042082816
1354952986639466496
1354953398956326912
1354953742553710592
1354954292309524480
1354955666699059200
1354957865722314752
1354963363280453632
1354968860838592512
1354971059861848064
1354973258885103616
1354975457908359168
1354979031321149440
1354979374918533120
1354979512357486592
1354979649796440064
1354979787235393536
1354980130832777216
1354980680588591104
1354982054978125824
1354984254001381376
1355002945699053568
1355090906629275648
1355165673419964416
1355174469512986624
1355183265606008832
1355192061699031040
1355214051931586560
1355249236303675392
1355284420675764224
1355372381605986304
1355513119094341632
1355741817512919040
1355777001885007872
1355812186257096704
1355847370629185536
1355935331559407616
1356076069047762944
1356216806536118272
1356304767466340352
1356339951838429184
1356375136210518016
1356410320582606848
1356445504954695680
1356480689326784512
1356499381024456704
1356500755413991424
1356501305169805312
1356501854925619200
1356502198523002880
1356502335961956352
1356502473400909824
1356502610839863296
1356503779070967808
1356505978094223360
1356511475652362240
1356520271745384448
1356529067838406656
1356551058070962176
1356639019001184256
1356779756489539584
1356867717419761664
1356902901791850496
1356938086163939328
1356960076396494848
1356968872489517056
1356977668582539264
1356985365163933696
1356987564187189248
1356989763210444800
1357061231466250240
1357201968954605568
1357553812675493888
1358116762628915200
1358679712582336512
5152188342456025088
5152329079944380416
5152417040874602496
5152452225246691328
5152487409618780160
5152522593990868992
5152962398641979392
5153248271665201152
5153257067758223360
5153265863851245568
5153274659944267776
5153283456037289984
5153292252130312192
5153301048223334400
5153309844316356608
5153331834548912128
5153367018921000960
5153402203293089792
5153437387665178624
5153472572037267456
5153507756409356288
5153542940781445120
5153578125153533952
5153613309525622784
5153648493897711616
5153683678269800448
5153718862641889280
5153740852874444800
5153749648967467008
5153758445060489216
5153767241153511424
5153789231386066944
5153824415758155776
5153859600130244608
5153894784502333440
5153929968874422272
5153951959106977792
5153960755200000000
5153969551293022208
5153975048851161088
5153977247874416640
5153979446897672192
5153981645920927744
5153987143479066624
5153995939572088832
5154004735665111040
5154010233223249920
5154012432246505472
5154014631269761024
5154016830293016576
5154018204682551296
5154018754438365184
5154019098035748864
5154019235474702336
5154019372913655808
5154019510352609280
5154019853949992960
5154020403705806848
5154020953461620736
5154021503217434624
5154022052973248512
5154023427362783232
5154024801752317952
5154025145349701632
5154025282788655104
5154025420227608576
5154025557666562048
5154025901263945728
5154026451019759616
5154031123944177664
5154039920037199872
5154048716130222080
5154070706362777600
5154105890734866432
5154141075106955264
5154176259479044096
5154211443851132928
5154299404781355008
5154374171572043776
5154382967665065984
5154391763758088192
5154400559851110400
5154422550083665920
5154457734455754752
5154479724688310272
5154485222246449152
5154487421269704704
5154488795659239424
5154489345415053312
5154489689012436992
5154489826451390464
5154489963890343936
5154490101329297408
5154490444926681088
5154491819316215808
5154497316874354688
5154506112967376896
5154528103199932416
5154563287572021248
5154598471944110080
5154633656316198912
5154668840688287744
5154704025060376576
5154726015292932096
5154731512851070976
5154733711874326528
5154735910897582080
5154738109920837632
5154743607478976512
5154752403571998720
5154774393804554240
5154809578176643072
5154844762548731904
5154879946920820736
5154915131292909568
5154950315664998400
5154985500037087232
5155020684409176064
5155055868781264896
5155091053153353728
5155126237525442560
5155161421897531392
5155183412130086912
5155192208223109120
5155197705781248000
5155199904804503552
5155202103827759104
5155204302851014656
5155209800409153536
5155284567199842304
5155359333990531072
5155368130083553280
5155376926176575488
5155385722269597696
5155407712502153216
5155442896874242048
5155478081246330880
5155513265618419712
5155535255850975232
5155540753409114112
5155542952432369664
5155545151455625216
5155546525845159936
5155547075600973824
5155547625356787712
5155548175112601600
5155552848037019648
5155561644130041856
5155583634362597376
5155602326060269568
5155604525083525120
5155605899473059840
5155606243070443520
5155606380509396992
5155606517948350464
5155606655387303936
5155606792826257408
5155606930265210880
5155607067704164352
5155607205143117824
5155607548740501504
5155608923130036224
5155614420688175104
5155623216781197312
5155632012874219520
5155706779664908288
5155847517153263616
5155988254641618944
5156076215571841024
5156098205804396544
5156107001897418752
5156115797990440960
5156120470914859008
5156121020670672896
5156121570426486784
5156121914023870464
5156122051462823936
5156122188901777408
5156122326340730880
5156123494571835392
5156125693595090944
5156127892618346496
5156146584316018688
5156181768688107520
5156203758920663040
5156212555013685248
5156221351106707456
5156226848664846336
5156229047688101888
5156231246711357440
5156233445734612992
5156238943292751872
5156247739385774080
5156256535478796288
5156265331571818496
5156287321804374016
5156322506176462848
5156357690548551680
5156392874920640512
5156428059292729344
5156463243664818176
5156485233897373696
5156494029990395904
5156502826083418112
5156511622176440320
5156520418269462528
5156529214362484736
5156538010455506944
5156546806548529152
5156568796781084672
5156590787013640192
5156599583106662400
5156608379199684608
5156613876757823488
5156615251147358208
5156615800903172096
5156616350658985984
5156616900414799872
5156618274804334592
5156620473827590144
5156625971385729024
5156631468943867904
5156632637174972416
5156632774613925888
5156632912052879360
5156633049491832832
5156633393089216512
5156633942845030400
5156634492600844288
5156635866990379008
5156638066013634560
5156643563571773440
5156652359664795648
5156674349897351168
5156709534269440000
5156731524501995520
5156740320595017728
5156749116688039936
5156757912781062144
5156832679571750912
5156907446362439680
5156916242455461888
5156925038548484096
5156933834641506304
5156955824874061824
5156991009246150656
5157026193618239488
5157061377990328320
5157083368222883840
5157092164315906048
5157100960408928256
5157105633333346304
5157106183089160192
5157106732844974080
5157107076442357760
5157107213881311232
5157107351320264704
5157107488759218176
5157108656990322688
5157110856013578240
5157113055036833792
5157131746734505984
5157166931106594816
5157254892036816896
5157395629525172224
5157536367013527552
5157677104501882880
5157817841990238208
5157905802920460288
5157940987292549120
5157976171664637952
5158011356036726784
5158046540408815616
5158081724780904448
5158103715013459968
5158109212571598848
5158111411594854400
5158113610618109952
5158115809641365504
5158121307199504384
5158130103292526592
5158152093525082112
5158187277897170944
5158222462269259776
5158257646641348608
5158292831013437440
5158328015385526272
5158363199757615104
5158398384129703936
5158433568501792768
5158468752873881600
5158503937245970432
5158525927478525952
5158530394244513792
5158530531683467264
5158530669122420736
5158530806561374208
5158531150158757888
5158531699914571776
5158532249670385664
5158533624059920384
5158535823083175936
5158538022106431488
5158543519664570368
5158552315757592576
5158574305990148096
5158596296222703616
5158605092315725824
5158613888408748032
5158622684501770240
5158644674734325760
5158679859106414592
5158715043478503424
5158750227850592256
5158785412222681088
5158803279286632448
5158803829042446336
5158804378798260224
5158804928554074112
5158806302943608832
5158808501966864384
5158810700990119936
5158816198548258816
5158824994641281024
5158833790734303232
5158855780966858752
5158943741897080832
5159084479385436160
5159225216873791488
5159313177804013568
5159348362176102400
5159367053873774592
5159369252897030144
5159370627286564864
5159371177042378752
5159371726798192640
5159372276554006528
5159373650943541248
5159379148501680128
5159387944594702336
5159393442152841216
5159394816542375936
5159395366298189824
5159395709895573504
5159395847334526976
5159395984773480448
5159396122212433920
5159396465809817600
5159397840199352320
5159400039222607872
5159418730920280064
5159506691850502144
5159594652780724224
5159612519844675584
5159612863442059264
5159613000881012736
5159613138319966208
5159613275758919680
5159613619356303360
5159614169112117248
5159615543501651968
5159617742524907520
5159619941548163072
5159625439106301952
5159634235199324160
5159643031292346368
5159665021524901888
5159687011757457408
5159695807850479616
5159704603943501824
5159713400036524032
5159722196129546240
5159730992222568448
5159739788315590656
5159748584408612864
5159770574641168384
5159805759013257216
5159840943385346048
5159928904315568128
5161899229152542720
5162039966640898048
5162532547850141696
5167950941151821824
5168038902082043904
5168060892314599424
5168069688407621632
5168078484500643840
5168087280593666048
5168092778151804928
5168094977175060480
5168097176198316032
5168099375221571584
5168101574244827136
5168102742475931648
5168102879914885120
5168103017353838592
5168103154792792064
5168103498390175744
5168104048145989632
5168104597901803520
5168105972291338240
5168108171314593792
5168113668872732672
5168122464965754880
5168127962523893760
5168130161547149312
5168132360570404864
5168134559593660416
5168140057151799296
5168148853244821504
5168157649337843712
5168166445430865920
5168175241523888128
5168184037616910336
5168192833709932544
5168214823942488064
5168250008314576896
5168285192686665728
5168373153616887808
5168513891105243136
5168654628593598464
5168795366081953792
5168936103570309120
5169024064500531200
5169059248872620032
5169094433244708864
5169129617616797696
5169217578547019776
5169292345337708544
5169297842895847424
5169300041919102976
5169302240942358528
5169303615331893248
5169303958929276928
5169304096368230400
5169304233807183872
5169304371246137344
5169304714843521024
5169305264599334912
5169309937523752960
5169318733616775168
5169340723849330688
5169375908221419520
5169397898453975040
5169406694546997248
5169415490640019456
5169424286733041664
5169433082826063872
5169441878919086080
5169447376477224960
5169449575500480512
5169451774523736064
5169453148913270784
5169453698669084672
5169454248424898560
5169454798180712448
5169459471105130496
5169468267198152704
5169477063291174912
5169485859384197120
5169494655477219328
5169516645709774848
5169551830081863680
5169587014453952512
5169622198826041344
5169657383198130176
5169692567570219008
5169727751942307840
5169762936314396672
5169798120686485504
5169816812384157696
5169819011407413248
5169821210430668800
5169823409453924352
5169828907012063232
5169837703105085440
5169846499198107648
5169868489430663168
5169887181128335360
5169889380151590912
5169890754541125632
5169891304296939520
5169891854052753408
5169892197650137088
5169892335089090560
5169892472528044032
5169892609966997504
5169893778198102016
5169899275756240896
5169908071849263104
5169916867942285312
5169938858174840832
5169974042546929664
5170009226919018496
5170044411291107328
5170079595663196160
5170114780035284992
5170149964407373824
5170185148779462656
5170220333151551488
5170255517523640320
5170277507756195840
5170286303849218048
5170295099942240256
5170303896035262464
5170325886267817984
5170361070639906816
5170383060872462336
5170391856965484544
5170400653058506752
5170409449151528960
5170431439384084480
5170466623756173312
5170501808128262144
5170520499825934336
5170522698849189888
5170524897872445440
5170527096895700992
5170532594453839872
5170541390546862080
5170550186639884288
5170572176872439808
5170607361244528640
5170642545616617472
5170677729988706304
5170712914360795136
5170748098732883968
5170783283104972800
5170818467477061632
5170853651849150464
5170888836221239296
5170910826453794816
5170919622546817024
5170925120104955904
5170927319128211456
5170929518151467008
5170931717174722560
5170937214732861440
5170959204965416960
5170994389337505792
5171016379570061312
5171025175663083520
5171033971756105728
5171042767849127936
5171051563942150144
5171060360035172352
5171065032959590400
5171065376556974080
5171065513995927552
5171065651434881024
5171065788873834496
5171066132471218176
5171066682227032064
5171068056616566784
5171070255639822336
5171072454663077888
5171077952221216768
5171086748314238976
5171095544407261184
5171100217331679232
5171100767087493120
5171101110684876800
5171101248123830272
5171101385562783744
5171101523001737216
5171101866599120896
5171103240988655616
5171105440011911168
5171107639035166720
5171113136593305600
5171135126825861120
5171170311197949952
5171189002895622144
5171190377285156864
5171190927040970752
5171191476796784640
5171191820394168320
5171191957833121792
5171192095272075264
5171192232711028736
5171192370149982208
5171192507588935680
5171192645027889152
5171192782466842624
5171192919905796096
5171193057344749568
5171193194783703040
5171193332222656512
5171193675820040192
5171194225575854080
5171195599965388800
5171201097523527680
5171209893616549888
5171218689709572096
5171227485802594304
5171236281895616512
5171241779453755392
5171243978477010944
5171246177500266496
5171247551889801216
5171247895487184896
5171248032926138368
5171248170365091840
5171248307804045312
5171248651401428992
5171249201157242880
5171253874081660928
5171275864314216448
5171297854546771968
5171306650639794176
5171312148197933056
5171313522587467776
5171314072343281664
5171314415940665344
5171314553379618816
5171314690818572288
5171314828257525760
5171315171854909440
5171315721610723328
5171316065208107008
5171316202647060480
5171316340086013952
5171316477524967424
5171316821122351104
5171317370878164992
5171318745267699712
5171324242825838592
5171346233058394112
5171381417430482944
5171416601802571776
5171451786174660608
5171522154918838272
5171750853337415680
5171891590825771008
5171979551755993088
5172014736128081920
5172036726360637440
5172045522453659648
5172054318546681856
5172059816104820736
5172062015128076288
5172064214151331840
5172066413174587392
5172071910732726272
5172080706825748480
5172089502918770688
5172098299011792896
5172107095104815104
5172115891197837312
5172124687290859520
5172133483383881728
5172155473616437248
5172190657988526080
5172225842360614912
5172261026732703744
5172283016965259264
5172291813058281472
5177046101336784896
5177064793034457088
5177066992057712640
5177069191080968192
5177071390104223744
5177072558335328256
5177072695774281728
5177072833213235200
5177072970652188672
5177073314249572352
5177073864005386240
5177074413761200128
5177075788150734848
5177077987173990400
5177080186197245952
5177085683755384832
5177094479848407040
5177103275941429248
5177112072034451456
5177120868127473664
5177129664220495872
5177151654453051392
5177186838825140224
5177222023197229056
5177257207569317888
5177292391941406720
5177732196592517120
5178084040313405440
5178172001243627520
5178193991476183040
5178202787569205248
5178211583662227456
5178220379755249664
5178242369987805184
5178277554359894016
5178365515290116096
5178506252778471424
5178646990266826752
5178734951197048832
5178756941429604352
5178765737522626560
5178774533615648768
5178783329708670976
5178792125801693184
5178797623359832064
5178798997749366784
5178799547505180672
5178800097260994560
5178800647016808448
5178802021406343168
5178804220429598720
5178809717987737600
5178818514080759808
5178840504313315328
5178871290638893056
5178880086731915264
5178888882824937472
5178897678917959680
5178906475010981888
5178915271104004096
5178924067197026304
5178932863290048512
5178941659383070720
5178950455476092928
5178959251569115136
5178968047662137344
5178976843755159552
5178985639848181760
5178994435941203968
5179069202731892736
5179157163662114816
5179192348034203648
5179227532406292480
5179262716778381312
5179297901150470144
5179333085522558976
5179368269894647808
5179403454266736640
5179491415196958720
5179632152685314048
5179772890173669376
5179860851103891456
5179896035475980288
5179931219848069120
5179966404220157952
5180054365150380032
5180195102638735360
5180335840127090688
5180476577615446016
5180617315103801344
5180705276034023424
5180740460406112256
5180775644778201088
5180810829150289920
5180832819382845440
5180841615475867648
5180847113034006528
5180849312057262080
5180851511080517632
5180853710103773184
5180859207661912064
5180881197894467584
5180916382266556416
5180935073964228608
5180937272987484160
5180938647377018880
5180939197132832768
5180939540730216448
5180939678169169920
5180939815608123392
5180939953047076864
5180940296644460544
5180941671033995264
5180943870057250816
5180946069080506368
5180947443470041088
5180947993225854976
5180948542981668864
5180948886579052544
5180949024018006016
5180949161456959488
5180949298895912960
5180949436334866432
5180949573773819904
5180949711212773376
5180949848651726848
5180950192249110528
5180950742004924416
5180951085602308096
5180951223041261568
5180951360480215040
5180951497919168512
5180951635358121984
5180951772797075456
5180951910236028928
5180952047674982400
5180952391272366080
5180952941028179968
5180953284625563648
5180953422064517120
5180953559503470592
5180953696942424064
5180953834381377536
5180953971820331008
5180954109259284480
5180954246698237952
5180954590295621632
5180955140051435520
5180955689807249408
5180957064196784128
5180959263220039680
5180961462243295232
5180962836632829952
5180963386388643840
5180963936144457728
5180964485900271616
5180965035656085504
5180965585411899392
5180966135167713280
5180966478765096960
5180966616204050432
5180966753643003904
5180966891081957376
5180968059313061888
5180986751010734080
5181021935382822912
5181057119754911744
5181092304127000576
5181180265057222656
5181321002545577984
5181461740033933312
5181602477522288640
5181743215010643968
5181883952498999296
5182024689987354624
5182165427475709952
5182306164964065280
5182446902452420608
5182798746173308928
5183150589894197248
5183291327382552576
5183432064870907904
5183572802359263232
5183924646080151552
5184276489801039872
5184417227289395200
5184557964777750528
5184698702266105856
5184839439754461184
5184927400684683264
5184962585056772096
5184997769428860928
5185019759661416448
5185025257219555328
5185026425450659840
5185026562889613312
5185026700328566784
5185026837767520256
5185026975206473728
5185027112645427200
5185027250084380672
5185027387523334144
5185027731120717824
5185028280876531712
5185029655266066432
5185031854289321984
5185037351847460864
5185046147940483072
5185120914731171840
5185261652219527168
5185402389707882496
5185543127196237824
5185683864684593152
5185824602172948480
5186176445893836800
5186528289614725120
5186669027103080448
5186809764591435776
5186950502079791104
5187091239568146432
5187179200498368512
5187214384870457344
5187249569242546176
5187284753614635008
5187372714544857088
5187513452033212416
5187654189521567744
5187794927009923072
5187935664498278400
5188076401986633728
5188217139474989056
5188357876963344384
5188445837893566464
5188481022265655296
5188516206637744128
5188551391009832960
5188639351940055040
5188991195660943360
5189343039381831680
5189483776870187008
5189571737800409088
5189606922172497920
5189642106544586752
5189677290916675584
5189712475288764416
5189747659660853248
5189782844032942080
5189804834265497600
5189810331823636480
5189812530846892032
5189814729870147584
5189816928893403136
5189822426451542016
5189831222544564224
5189905989335252992
5190046726823608320
5190187464311963648
5190328201800318976
5190468939288674304
5190609676777029632
5190750414265384960
5190891151753740288
5190979112683962368
5191014297056051200
5191049481428140032
5191084665800228864
5191172626730450944
5191313364218806272
5191454101707161600
5191594839195516928
5191735576683872256
5191876314172227584
5192017051660582912
5192157789148938240
5192232555939627008
5192241352032649216
5192250148125671424
5192258944218693632
5192267740311715840
5192276536404738048
5192285332497760256
5192294128590782464
5192302924683804672
5192311720776826880
5192320516869849088
5192326014427987968
5192328213451243520
5192330412474499072
5192331786864033792
5192332336619847680
5192332886375661568
5192333436131475456
5192351303195426816
5192439264125648896
5192580001614004224
5192667962544226304
5192703146916315136
5192738331288403968
5192773515660492800
5192861476590714880
5193002214079070208
5193142951567425536
5193283689055780864
5193424426544136192
5193565164032491520
5193705901520846848
5194057745241735168
5194409588962623488
5194497549892845568
5194519540125401088
5194528336218423296
5194537132311445504
5194545928404467712
5194567918637023232
5194603103009112064
5194691063939334144
5195183645148577792
5195746595101999104
5217701643285430272
5218282185424896000
5218317369796984832
5218352554169073664
5218374544401629184
5218383340494651392
5218392136587673600
5218400932680695808
5218475699471384576
5218563660401606656
5218585650634162176
5218594446727184384
5218603242820206592
5218612038913228800
5218634029145784320
5218669213517873152
5218691203750428672
5218699999843450880
5218708795936473088
5218717592029495296
5218739582262050816
5218774766634139648
5218796756866695168
5218805552959717376
5218814349052739584
5218823145145761792
5218831941238784000
5218840737331806208
5218849533424828416
5218858329517850624
5218880319750406144
5218950688494583808
5218985872866672640
5219004564564344832
5219006763587600384
5219008962610855936
5219011161634111488
5219016659192250368
5219025455285272576
5219034251378294784
5219056241610850304
5219091425982939136
5219110117680611328
5219112316703866880
5219114515727122432
5219122212308516864
5219131008401539072
5219136505959677952
5219138704982933504
5219140079372468224
5219140422969851904
5219140560408805376
5219140697847758848
5219140835286712320
5219141178884096000
5219141728639909888
5219143103029444608
5219161794727116800
5219196979099205632
5219232163471294464
5219267347843383296
5219302532215472128
5219337716587560960
5219372900959649792
5219460861889871872
5219601599378227200
5219742336866582528
5219957841145626624
5219966637238648832
5219975433331671040
5219984229424693248
5219993025517715456
5220001821610737664
5220010617703759872
5220019413796782080
5220028209889804288
5220037005982826496
5220045802075848704
5220054598168870912
5220063394261893120
5220072190354915328
5220080986447937536
5220089782540959744
5220094455465377792
5220095005221191680
5220095348818575360
5220095486257528832
5220095623696482304
5220095761135435776
5220096104732819456
5220097479122354176
5220099678145609728
5220101877168865280
5220104076192120832
5220106275215376384
5220107649604911104
5220108199360724992
5220108749116538880
5220109092713922560
5220109230152876032
5220109367591829504
5220109505030782976
5220109642469736448
5220109779908689920
5220109917347643392
5220110054786596864
5220110398383980544
5220110948139794432
5220111497895608320
5220116170820026368
5220124966913048576
5220133763006070784
5220142559099092992
5220151355192115200
5220160151285137408
5220182141517692928
5220204131750248448
5220212927843270656
5220221723936292864
5220230520029315072
5220252510261870592
5220271201959542784
5220273400982798336
5220275600006053888
5220277799029309440
5220283296587448320
5220292092680470528
5220300888773492736
5220322879006048256
5220358063378137088
5220446024308359168
5220533985238581248
5220569169610670080
5220604353982758912
5220639538354847744
5220661528587403264
5220670324680425472
5220679120773447680
5220687916866469888
5220693414424608768
5220695613447864320
5220697812471119872
5220700011494375424
5220705509052514304
5220714305145536512
5220723101238558720
5220745091471114240
5220767081703669760
5220775877796691968
5220784673889714176
5220793469982736384
5220802266075758592
5220811062168780800
5220819858261803008
5220828654354825216
5220837450447847424
5220846246540869632
5220855042633891840
5220863838726914048
5220872634819936256
5220881430912958464
5220890227005980672
5220895724564119552
5220897923587375104
5220899297976909824
5220899847732723712
5220900397488537600
5220900741085921280
5220900878524874752
5220901015963828224
5220901153402781696
5220902321633886208
5220904520657141760
5220906719680397312
5220908918703652864
5220911117726908416
5220916615285047296
5220922112843186176
5220924311866441728
5220926510889697280
5220928709912952832
5220934207471091712
5221008974261780480
5221149711750135808
5221223379029196800
5221224753418731520
5221225303174545408
5221225646771929088
5221225784210882560
5221225921649836032
5221226059088789504
5221226196527742976
5221226333966696448
5221226471405649920
5221226608844603392
5221227777075707904
5221233274633846784
5221242070726868992
5221250866819891200
5221259662912913408
5221268459005935616
5221273956564074496
5221276155587330048
5221278354610585600
5221280553633841152
5221286051191980032
5221294847285002240
5221303643378024448
5221309140936163328
5221311339959418880
5221313538982674432
5221315738005929984
5221321235564068864
5221330031657091072
5221338827750113280
5221347623843135488
5221356419936157696
5221361917494296576
5221363291883831296
5221363635481214976
5221363772920168448
5221363910359121920
5221364047798075392
5221364185237028864
5221364322675982336
5221364460114935808
5221364597553889280
5221364734992842752
5221364872431796224
5221365009870749696
5221365147309703168
5221365284748656640
5221365422187610112
5221365559626563584
5221365697065517056
5221365834504470528
5221365971943424000
5221366109382377472
5221366246821330944
5221366384260284416
5221366521699237888
5221366659138191360
5221366796577144832
5221367140174528512
5221368514564063232
5221370713587318784
5221372087976853504
5221372637732667392
5221373187488481280
5221373737244295168
5221374287000109056
5221374836755922944
5221375386511736832
5221375730109120512
5221375867548073984
5221376004987027456
5221376142425980928
5221376486023364608
5221377035779178496
5221377585534992384
5221377929132376064
5221378066571329536
5221378204010283008
5221378341449236480
5221378478888189952
5221378616327143424
5221378753766096896
5221378891205050368
5221379234802434048
5221379784558247936
5221380334314061824
5221381708703596544
5221383907726852096
5221386106750107648
5221388305773363200
5221389474004467712
5221389611443421184
5221389748882374656
5221389886321328128
5221390023760281600
5221390161199235072
5221390298638188544
5221390436077142016
5221390573516095488
5221390710955048960
5221390848394002432
5221390985832955904
5221391123271909376
5221391260710862848
5221391398149816320
5221391535588769792
5221391879186153472
5221392222783537152
5221392360222490624
5221392497661444096
5221392635100397568
5221392772539351040
5221392909978304512
5221393047417257984
5221393184856211456
5221393528453595136
5221394902843129856
5221400400401268736
5221409196494290944
5221417992587313152
5221423490145452032
5221425689168707584
5221427888191963136
5221430087215218688
5221435584773357568
5221444380866379776
5221453176959401984
5221461973052424192
5221470769145446400
5221476266703585280
5221478465726840832
5221480664750096384
5221482863773351936
5221485062796607488
5221486437186142208
5221486986941956096
5221487536697769984
5221488086453583872
5221489460843118592
5221491659866374144
5221493858889629696
5221495233279164416
5221495783034978304
5221496332790792192
5221496882546606080
5221498256936140800
5221500455959396352
5221505953517535232
5221514749610557440
5221523545703579648
5221529043261718528
5221531242284974080
5221533441308229632
5221535640331485184
5221541137889624064
5221549933982646272
5221558730075668480
5221567526168690688
5221573023726829568
5221575222750085120
5221577421773340672
5221578796162875392
5221579139760259072
5221579277199212544
5221579414638166016
5221579552077119488
5221579895674503168
5221580445430317056
5221585118354735104
5221593914447757312
5221602710540779520
5221624700773335040
956240864630276096
956328825560498176
956364009932587008
956399194304675840
956434378676764672
956733445839519744
957085289560408064
957226027048763392
957313987978985472
957349172351074304
957371162583629824
957376660141768704
957378859165024256
957381058188279808
957383257211535360
957419541095251968
957454725467340800
957489909839429632
957525094211518464
957560278583607296
957859345746362368
958422295699783680
958721362862538752
958756547234627584
958778537467183104
958784035025321984
958786234048577536
958788433071833088
958789807461367808
958790357217181696
958790906972995584
958791250570379264
958791388009332736
958791525448286208
958791662887239680
958791800326193152
958791937765146624
958792075204100096
958792212643053568
958792556240437248
958793105996251136
958793655752065024
958795030141599744
958797229164855296
958799428188110848
958801627211366400
958803826234621952
958806025257877504
958808224281133056
958914876909027328
959055614397382656
959143575327604736
959178759699693568
959197451397365760
959198825786900480
959199375542714368
959199925298528256
959200475054342144
959201849443876864
959204048467132416
959209546025271296
959218342118293504
959227138211315712
959249128443871232
959284312815960064
959319497188048896
959354681560137728
959389865932226560
959411856164782080
959420652257804288
959426149815943168
959428348839198720
959430547862454272
959432746885709824
959438244443848704
959460234676404224
959495419048493056
959530603420581888
959552593653137408
959561389746159616
959570185839181824
959578981932204032
959600972164759552
959636156536848384
959671340908937216
959706525281026048
959729683744686080
959729821183639552
959729958622593024
959730096061546496
959730439658930176
959731814048464896
959737311606603776
959746107699625984
959754903792648192
959776894025203712
960111145560047616
960462989280935936
960603726769291264
960691687699513344
960710379397185536
960712578420441088
960714777443696640
960716151833231360
960716701589045248
960717251344859136
960717594942242816
960717732381196288
960717869820149760
960718007259103232
960722474025091072
960731270118113280
960740066211135488
960762056443691008
960797240815779840
960885201746001920
961025939234357248
961166676722712576
961307414211067904
961395375141289984
961430559513378816
961465743885467648
961500928257556480
961799995420311552
962362945373732864
