1343497656026005504  5169846499198107648  5218634029145784320
1343532840398094336  5169868489430663168  5218669213517873152
1343554830630649856  5169887181128335360  5218691203750428672
1343563626723672064  5169889380151590912  5218699999843450880
1343572422816694272  5169890548382695424  5218705497401589760
1343581218909716480  5169890685821648896  5218706871791124480
1343590015002738688  5169890823260602368  5218707421546938368
1343598811095760896  5169890960699555840  5218707765144322048
1343607607188783104  5169891304296939520  5218707902583275520
1343616403281805312  5169891596354715648  5218708040022228992
1343638393514360832  5169891630714454016  5218708177461182464
1343673577886449664  5169891665074192384  5218708521058566144
1343708762258538496  5169891699433930752  5218709895448100864
1343743946630627328  5169891785333276672  5218712094471356416
1343779131002716160  5169891922772230144  5218717592029495296
1343814315374804992  5169892060211183616  5218739582262050816
1343849499746893824  5169892197650137088  5218774766634139648
1343884684118982656  5169892270664581120  5218796756866695168
1344201343467782144  5169892279254515712  5218802254424834048
1344236527839870976  5169892284623224832  5218804453448089600
1344271712211959808  5169892286770708480  5218806652471345152
1344306896584048640  5169892288918192128  5218808851494600704
1344342080956137472  5169892291065675776  5218814349052739584
1344377265328226304  5169892296434384896  5218823145145761792
1344412449700315136  5169892317909221376  5218831941238784000
1344447634072403968  5169892339384057856  5218837438796922880
1344482818444492800  5169892347973992448  5218839637820178432
1344518002816581632  5169892356563927040  5218844035866689536
1344553187188670464  5169892365153861632  5218849533424828416
1344588371560759296  5169892373743796224  5218855030982967296
1344676332490981376  5169892382333730816  5218857230006222848
1344817069979336704  5169892390923665408  5218859429029478400
1344957807467692032  5169892399513600000  5218861628052733952
1345098544956047360  5169892420988436480  5218880319750406144
1345186505886269440  5169892455348174848  5218950688494583808
1345221690258358272  5169892489707913216  5218972678727139328
1345256874630447104  5169892524067651584  5218981474820161536
1345292059002535936  5169892609966997504  5218990270913183744
1345380019932758016  5169893778198102016  5218999067006205952
1345520757421113344  5169899275756240896  5219004564564344832
1345608718351335424  5169908071849263104  5219006763587600384
1345643902723424256  5169916867942285312  5219007931818704896
1345679087095513088  5169938858174840832  5219008069257658368
1345714271467601920  5169974042546929664  5219008206696611840
1345802232397824000  5170009226919018496  5219008344135565312
1345942969886179328  5170031217151574016  5219008687732948992
1346030930816401408  5170040013244596224  5219009787244576768
1346052921048956928  5170048809337618432  5219011161634111488
1346058418607095808  5170057605430640640  5219016659192250368
1346060617630351360  5170079595663196160  5219025455285272576
1346061785861455872  5170114780035284992  5219034251378294784
1346061923300409344  5170149964407373824  5219043047471316992
1346062060739362816  5170185148779462656  5219051843564339200
1346062198178316288  5170220333151551488  5219060639657361408
1346063641287327744  5170242323384107008  5219069435750383616
1346065015676862464  5170251119477129216  5219078231843405824
1346070513235001344  5170259915570151424  5219087027936428032
1346079309328023552  5170268711663173632  5219095824029450240
1346101299560579072  5170277507756195840  5219104620122472448
1346136483932667904  5170286303849218048  5219110117680611328
1346171668304756736  5170295099942240256  5219111492070146048
1346193658537312256  5170299772866658304  5219112041825959936
1346202454630334464  5170300322622472192  5219112385423343616
1346211250723356672  5170300666219855872  5219112471322689536
1346216748281495552  5170300941097762816  5219112505682427904
1346218122671030272  5170301078536716288  5219112540042166272
1346218672426844160  5170301422134099968  5219112574401904640
1346219016024227840  5170302796523634688  5219112660301250560
1346219153463181312  5170304995546890240  5219112797740204032
1346219290902134784  5170307194570145792  5219113141337587712
1346219376801480704  5170312692128284672  5219114515727122432
1346219411161219072  5170321488221306880  5219122212308516864
1346219445520957440  5170330284314329088  5219131008401539072
1346219479880695808  5170339080407351296  5219136505959677952
1346219771938471936  5170361070639906816  5219137880349212672
1346220321694285824  5170383060872462336  5219138430105026560
1346220613752061952  5170387733796880384  5219138979860840448
1346220648111800320  5170388283552694272  5219139529616654336
1346220682471538688  5170388833308508160  5219140079372468224
1346220716831277056  5170389176905891840  5219140422969851904
1346220802730622976  5170389314344845312  5219140508869197824
1346220940169576448  5170389451783798784  5219140543228936192
1346221077608529920  5170389589222752256  5219140564703772672
1346221421205913600  5170390757453856768  5219140573293707264
1346221970961727488  5170392956477112320  5219140581883641856
1346223345351262208  5170395155500367872  5219140590473576448
1346242037048934400  5170400653058506752  5219140611948412928
1346277221421023232  5170406150616645632  5219140697847758848
1346312405793112064  5170407318847750144  5219140835286712320
1346347590165200896  5170407593725657088  5219141178884096000
1346382774537289728  5170407731164610560  5219141728639909888
1346417958909378560  5170408074761994240  5219143103029444608
1346453143281467392  5170408624517808128  5219148600587583488
1346488327653556224  5170409174273622016  5219157396680605696
1346523512025645056  5170410548663156736  5219166192773627904
1346558696397733888  5170412747686412288  5219174988866650112
1346593880769822720  5170431439384084480  5219196979099205632
1346629065141911552  5170450131081756672  5219232163471294464
1346664249514000384  5170452330105012224  5219262949796872192
1346686239746555904  5170454529128267776  5219271745889894400
1346695035839578112  5170456728151523328  5219302532215472128
1346703831932600320  5170462225709662208  5219337716587560960
1346712628025622528  5170471021802684416  5219359706820116480
1346787394816311296  5170479817895706624  5219368502913138688
1346875355746533376  5170501808128262144  5219377299006160896
1346910540118622208  5170519675192213504  5219386095099183104
1346945724490711040  5170520018789597184  5219460861889871872
1346980908862799872  5170520156228550656  5219601599378227200
1347068869793021952  5170520242127896576  5219742336866582528
1347209607281377280  5170520276487634944  5219957841145626624
1347350344769732608  5170520310847373312  5219966637238648832
1347491082258087936  5170520345207111680  5219975433331671040
1347579043188310016  5170520431106457600  5219980930889809920
1347614227560398848  5170520774703841280  5219983129913065472
1347649411932487680  5170521324459655168  5219985328936321024
1347684596304576512  5170522698849189888  5219987527959576576
1347719780676665344  5170524897872445440  5219993025517715456
1347754965048754176  5170527096895700992  5220001821610737664
1347790149420843008  5170532594453839872  5220010617703759872
1347825333792931840  5170541390546862080  5220016115261898752
1347913294723153920  5170550186639884288  5220018314285154304
1348054032211509248  5170558982732906496  5220020513308409856
1348141993141731328  5170567778825928704  5220022712331665408
1348177177513820160  5170576574918950912  5220028209889804288
1348212361885908992  5170585371011973120  5220037005982826496
1348234352118464512  5170607361244528640  5220045802075848704
1348239849676603392  5170642545616617472  5220051299633987584
1348241224066138112  5170677729988706304  5220053498657243136
1348241773821952000  5170712914360795136  5220055697680498688
1348242323577765888  5170734904593350656  5220057896703754240
1348242602750640128  5170743700686372864  5220063394261893120
1348242611340574720  5170752496779395072  5220072190354915328
1348242619930509312  5170761292872417280  5220080986447937536
1348242628520443904  5170783283104972800  5220089782540959744
1348242649995280384  5170818467477061632  5220094455465377792
1348242684355018752  5170853651849150464  5220095005221191680
1348242718714757120  5170888836221239296  5220095297278967808
1348242804614103040  5170910826453794816  5220095331638706176
1348242942053056512  5170919622546817024  5220095353113542656
1348244247723114496  5170925120104955904  5220095358482251776
1348246446746370048  5170927319128211456  5220095360629735424
1348251944304508928  5170928693517746176  5220095362777219072
1348260740397531136  5170929243273560064  5220095364924702720
1348282730630086656  5170929793029373952  5220095370293411840
1348317915002175488  5170930085087150080  5220095378883346432
1348353099374264320  5170930119446888448  5220095400358182912
1348375089606819840  5170930153806626816  5220095486257528832
1348383885699842048  5170930188166365184  5220095623696482304
1348389383257980928  5170930274065711104  5220095761135435776
1348393781304492032  5170930411504664576  5220096104732819456
1348395155694026752  5170930548943618048  5220097479122354176
1348395705449840640  5170931717174722560  5220099678145609728
1348396804961468416  5170937214732861440  5220101877168865280
1348401477885886464  5170959204965416960  5220104076192120832
1348423468118441984  5170981195197972480  5220106275215376384
1348445458350997504  5170989991290994688  5220107649604911104
1348450955909136384  5170998787384016896  5220108199360724992
1348453154932391936  5171007583477039104  5220108749116538880
1348455353955647488  5171016379570061312  5220109092713922560
1348456728345182208  5171021877128200192  5220109178613268480
1348457278100996096  5171024076151455744  5220109212973006848
1348457827856809984  5171026275174711296  5220109247332745216
1348458377612623872  5171028474197966848  5220109281692483584
1348463050537041920  5171033971756105728  5220109316052221952
1348471846630064128  5171039469314244608  5220109350411960320
1348493836862619648  5171040843703779328  5220109371886796800
1348616982164930560  5171041393459593216  5220109380476731392
1348757719653285888  5171041943215407104  5220109389066665984
1349478999281106944  5171042492971220992  5220109397656600576
1349500989513662464  5171043867360755712  5220109419131437056
1349509785606684672  5171046066384011264  5220109505030782976
1349518581699706880  5171051563942150144  5220109642469736448
1349527377792729088  5171060360035172352  5220109779908689920
1349536173885751296  5171065032959590400  5220109917347643392
1349544969978773504  5171065376556974080  5220110003246989312
1349553766071795712  5171065513995927552  5220110037606727680
1349562562164817920  5171065599895273472  5220110059081564160
1349584552397373440  5171065634255011840  5220110067671498752
1349606542629928960  5171065651703316480  5220110076261433344
1349615338722951168  5171065652240187392  5220110084851367936
1349624134815973376  5171065652777058304  5220110093441302528
1349632930908995584  5171065653313929216  5220110102031237120
1349654921141551104  5171065654656106496  5220110110621171712
1352205788117991424  5171065656803590144  5220110119211106304
1353402056769011712  5171065658951073792  5220110398383980544
1353542794257367040  5171065664319782912  5220110948139794432
1353617561048055808  5171065672909717504  5220111497895608320
1353626357141078016  5171065681499652096  5220112872285143040
1353635153234100224  5171065702974488576  5220115071308398592
1353643949327122432  5171065788873834496  5220117270331654144
1353652745420144640  5171066132471218176  5220119469354909696
1353661541513166848  5171066682227032064  5220124966913048576
1353670337606189056  5171068056616566784  5220133763006070784
1353679133699211264  5171070255639822336  5220142559099092992
1353701123931766784  5171072454663077888  5220151355192115200
1353736308303855616  5171077952221216768  5220160151285137408
1353758298536411136  5171086748314238976  5220182141517692928
1353763796094550016  5171095544407261184  5220204131750248448
1353765995117805568  5171100217331679232  5220212927843270656
1353767369507340288  5171100767087493120  5220221723936292864
1353768469018968064  5171101110684876800  5220230520029315072
1353768812616351744  5171101248123830272  5220239316122337280
1353768950055305216  5171101321138274304  5220248112215359488
1353769224933212160  5171101329728208896  5220256908308381696
1353770393164316672  5171101338318143488  5220265704401403904
1353775890722455552  5171101346908078080  5220271201959542784
1353784686815477760  5171101368382914560  5220272576349077504
1353793482908499968  5171101402742652928  5220273126104891392
1353802279001522176  5171101437102391296  5220273469702275072
1353811075094544384  5171101523001737216  5220273607141228544
1353816572652683264  5171101866599120896  5220273693040574464
1353818771675938816  5171103240988655616  5220273727400312832
1353820970699194368  5171105440011911168  5220273761760051200
1353823169722449920  5171107639035166720  5220273796119789568
1353824544111984640  5171113136593305600  5220273882019135488
1353824887709368320  5171135126825861120  5220274225616519168
1353825025148321792  5171170311197949952  5220275600006053888
1353825111047667712  5171189002895622144  5220277799029309440
1353825145407406080  5171190171126726656  5220283296587448320
1353825179767144448  5171190308565680128  5220292092680470528
1353825214126882816  5171190446004633600  5220300888773492736
1353825300026228736  5171190583443587072  5220309684866514944
1353825643623612416  5171190927040970752  5220318480959537152
1353826193379426304  5171191270638354432  5220327277052559360
1353827567768961024  5171191408077307904  5220336073145581568
1353829766792216576  5171191545516261376  5220344869238603776
1353831965815472128  5171191631415607296  5220353665331625984
1353837463373611008  5171191665775345664  5220362461424648192
1353855055559655424  5171191700135084032  5220371257517670400
1353877045792210944  5171191721609920512  5220393247750225920
1353899036024766464  5171191730199855104  5220463616494403584
1353907832117788672  5171191738789789696  5220499900378120192
1353916628210810880  5171191747379724288  5220504298424631296
1353925424303833088  5171191755969658880  5220506497447886848
1353947414536388608  5171191764559593472  5220511995006025728
1353982598908477440  5171191773149528064  5220520791099047936
1354017783280566272  5171191778518237184  5220526288657186816
1354105744210788352  5171191780665720832  5220528487680442368
1354246481699143680  5171191782007898112  5220569169610670080
1354334442629365760  5171191782544769024  5220604353982758912
1354369627001454592  5171191783081639936  5220639538354847744
1354404811373543424  5171191783417184256  5220658230052519936
1354439995745632256  5171191783551401984  5220660429075775488
1354475180117721088  5171191783685619712  5220662628099031040
1354497170350276608  5171191783769505792  5220664827122286592
1354505966443298816  5171191783803060224  5220670324680425472
1354514762536321024  5171191783836614656  5220679120773447680
1354523558629343232  5171191783870169088  5220687916866469888
1354545548861898752  5171191784960688128  5220693139546701824
1354580733233987584  5171191803214299136  5220693689302515712
1354615917606076416  5171191837574037504  5220694032899899392
1354651101978165248  5171191871933775872  5220694170338852864
1354686286350254080  5171191957833121792  5220694307777806336
1354721470722342912  5171192095272075264  5220694445216759808
1354756655094431744  5171192232711028736  5220695613447864320
1354791839466520576  5171192370149982208  5220697812471119872
1354827023838609408  5171192507588935680  5220700011494375424
1354862208210698240  5171192645027889152  5220705509052514304
1354897392582787072  5171192730927235072  5220714305145536512
1354932576954875904  5171192765286973440  5220723101238558720
1354951268652548096  5171192799646711808  5220731897331580928
1354952643042082816  5171192817900322816  5220740693424603136
1354952935099858944  5171192820047806464  5220749489517625344
1354952956574695424  5171192822195290112  5220758285610647552
1354952965164630016  5171192824342773760  5220763783168786432
1354952973754564608  5171192829711482880  5220765982192041984
1354952982344499200  5171192838301417472  5220768181215297536
1354953003819335680  5171192843670126592  5220769349446402048
1354953398956326912  5171192845817610240  5220769469705486336
1354953742553710592  5171192847159787520  5220769504065224704
1354954292309524480  5171192847696658432  5220769538424963072
1354955666699059200  5171192848233529344  5220769761763262464
1354957865722314752  5171192848770400256  5220770105360646144
1354963363280453632  5171192850112577536  5220771204872273920
1354968860838592512  5171192868366188544  5220772579261808640
1354971059861848064  5171192902725926912  5220774778285064192
1354972434251382784  5171192937085665280  5220776977308319744
1354972984007196672  5171192958560501760  5220779176331575296
1354973533763010560  5171192967150436352  5220784673889714176
1354974083518824448  5171192975740370944  5220793469982736384
1354975457908359168  5171192984330305536  5220802266075758592
1354979031321149440  5171193057344749568  5220807763633897472
1354979374918533120  5171193194783703040  5220809962657153024
1354979447932977152  5171193332222656512  5220811337046687744
1354979456522911744  5171193675820040192  5220811886802501632
1354979465112846336  5171194225575854080  5220812436558315520
1354979473702780928  5171195599965388800  5220812728616091648
1354979495177617408  5171201097523527680  5220812762975830016
1354979529537355776  5171209893616549888  5220812797335568384
1354979551012192256  5171215391174688768  5220812831695306752
1354979559602126848  5171217590197944320  5220812917594652672
1354979568192061440  5171219789221199872  5220813055033606144
1354979576781996032  5171221988244455424  5220813192472559616
1354979649796440064  5171224187267710976  5220814360703664128
1354979787235393536  5171226386290966528  5220816559726919680
1354980130832777216  5171227760680501248  5220818758750175232
1354980680588591104  5171228310436315136  5220820957773430784
1354984254001381376  5171228860192129024  5220823156796686336
1354989751559520256  5171229409947942912  5220828654354825216
1354998547652542464  5171230784337477632  5220837450447847424
1355007343745564672  5171236281895616512  5220842948005986304
1355016139838586880  5171241779453755392  5220844322395521024
1355090906629275648  5171243978477010944  5220844872151334912
1355161550251360256  5171246177500266496  5220845421907148800
1355162100007174144  5171247551889801216  5220845971662962688
1355162649762988032  5171247895487184896  5220847346052497408
1355162941820764160  5171248032926138368  5220849545075752960
1355162976180502528  5171248170365091840  5220855042633891840
1355163010540240896  5171248256264437760  5220863838726914048
1355163044899979264  5171248290624176128  5220872634819936256
1355163130799325184  5171248312099012608  5220881430912958464
1355163268238278656  5171248320688947200  5220890227005980672
1355163405677232128  5171248329278881792  5220895724564119552
1355164573908336640  5171248337868816384  5220897923587375104
1355166772931592192  5171248359343652864  5220899297976909824
1355168971954847744  5171248445242998784  5220899847732723712
1355183265606008832  5171248582681952256  5220900397488537600
1355192061699031040  5171248720120905728  5220900689546313728
1355214051931586560  5171248857559859200  5220900723906052096
1355249236303675392  5171249201157242880  5220900758265790464
1355284420675764224  5171253874081660928  5220900792625528832
1355372381605986304  5171262670174683136  5220900878524874752
1355513119094341632  5171271466267705344  5220901015963828224
1355741817512919040  5171280262360727552  5220901153402781696
1355777001885007872  5171289058453749760  5220902321633886208
1355812186257096704  5171297854546771968  5220904520657141760
1355847370629185536  5171303352104910848  5220905895046676480
1356076069047762944  5171305551128166400  5220906444802490368
1356164029977985024  5171307750151421952  5220906994558304256
1356199214350073856  5171309949174677504  5220907544314118144
1356234398722162688  5171312148197933056  5220908918703652864
1356256388954718208  5171313522587467776  5220911117726908416
1356265185047740416  5171314072343281664  5220913316750163968
1356273981140762624  5171314415940665344  5220915515773419520
1356282777233784832  5171314553379618816  5220917714796675072
1356304767466340352  5171314639278964736  5220919913819930624
1356339951838429184  5171314673638703104  5220922112843186176
1356375136210518016  5171314707998441472  5220923487232720896
1356397126443073536  5171314729473277952  5220924036988534784
1356405922536095744  5171314738063212544  5220924586744348672
1356414718629117952  5171314746653147136  5220925136500162560
1356423514722140160  5171314755243081728  5220926510889697280
1356445504954695680  5171314776717918208  5220927885279232000
1356480689326784512  5171314811077656576  5220928228876615680
1356499381024456704  5171314845437394944  5220928366315569152
1356500755413991424  5171314879797133312  5220928503754522624
1356501305169805312  5171315171854909440  5220928641193476096
1356501854925619200  5171315721610723328  5220928984790859776
1356502198523002880  5171316013668499456  5220929534546673664
1356502335961956352  5171316048028237824  5220930908936208384
1356502473400909824  5171316082387976192  5220933107959463936
1356502546415353856  5171316116747714560  5220935306982719488
1356502555005288448  5171316151107452928  5220937506005975040
1356502563595223040  5171316185467191296  5220943003564113920
1356502572185157632  5171316219826929664  5220948501122252800
1356502593659994112  5171316254186668032  5220950700145508352
1356502628019732480  5171316340086013952  5220952899168763904
1356502662379470848  5171316477524967424  5220955098192019456
1356503779070967808  5171316821122351104  5220991382075736064
1356505978094223360  5171317370878164992  5221026566447824896
1356511475652362240  5171318745267699712  5221061750819913728
1356520271745384448  5171324242825838592  5221149711750135808
1356529067838406656  5171346233058394112  5221223379029196800
1356551058070962176  5171381417430482944  5221224753418731520
1356639019001184256  5171403407663038464  5221225303174545408
1356779756489539584  5171412203756060672  5221225595232321536
1356872115466272768  5171420999849082880  5221225616707158016
1356880911559294976  5171429795942105088  5221225622075867136
1356902901791850496  5171451786174660608  5221225623418044416
1356938086163939328  5171522154918838272  5221225623954915328
1356960076396494848  5171733261151371264  5221225624491786240
1356968872489517056  5171768445523460096  5221225625028657152
1356977668582539264  5171891590825771008  5221225626370834432
1356984540530212864  5171966357616459776  5221225628518318080
1356984832587988992  5171975153709481984  5221225633887027200
1356984866947727360  5171983949802504192  5221225642476961792
1356984901307465728  5171992745895526400  5221225663951798272
1356984935667204096  5172001541988548608  5221225698311536640
1356985021566550016  5172010338081570816  5221225784210882560
1356985159005503488  5172019134174593024  5221225921649836032
1356985296444456960  5172024631732731904  5221226007549181952
1356985640041840640  5172026830755987456  5221226041908920320
1356986189797654528  5172029029779243008  5221226063383756800
1356987564187189248  5172030404168777728  5221226071973691392
1356989763210444800  5172030953924591616  5221226077342400512
1357061231466250240  5172031503680405504  5221226079489884160
1357483443931316224  5172032053436219392  5221226081637367808
1357624181419671552  5172036726360637440  5221226083784851456
1358961187559047168  5172045522453659648  5221226089153560576
5152188342456025088  5172054318546681856  5221226110628397056
5152276303386247168  5172058991471099904  5221226144988135424
5152311487758336000  5172059541226913792  5221226179347873792
5152346672130424832  5172059884824297472  5221226213707612160
5152381856502513664  5172060022263250944  5221226235182448640
5152417040874602496  5172060159702204416  5221226243772383232
5152452225246691328  5172060297141157888  5221226252362317824
5152474215479246848  5172060640738541568  5221226260952252416
5152483011572269056  5172062015128076288  5221226269542187008
5152488509130407936  5172064214151331840  5221226278132121600
5152490708153663488  5172066413174587392  5221226286722056192
5152492907176919040  5172071910732726272  5221226295311990784
5152495106200174592  5172077408290865152  5221226316786827264
5152500603758313472  5172079607314120704  5221226385506304000
5152522593990868992  5172081806337376256  5221226471405649920
5153032767386157056  5172084005360631808  5221226608844603392
5153173504874512384  5172089502918770688  5221227777075707904
5153248271665201152  5172098299011792896  5221229976098963456
5153257067758223360  5172107095104815104  5221232175122219008
5153265863851245568  5172111768029233152  5221234374145474560
5153271361409384448  5172112317785047040  5221236573168730112
5153273560432640000  5172112867540860928  5221242070726868992
5153275759455895552  5172113417296674816  5221250866819891200
5153277958479151104  5172114791686209536  5221259662912913408
5153283456037289984  5172116990709465088  5221268459005935616
5153288953595428864  5172119189732720640  5221273956564074496
5153291152618684416  5172124687290859520  5221275330953609216
5153292527008219136  5172133483383881728  5221275674550992896
5153293076764033024  5172155473616437248  5221275811989946368
5153293626519846912  5172177463848992768  5221275897889292288
5153294176275660800  5172186259942014976  5221275919364128768
5153295550665195520  5172195056035037184  5221275927954063360
5153301048223334400  5172203852128059392  5221275936543997952
5153309844316356608  5172225842360614912  5221275945133932544
5153331834548912128  5172261026732703744  5221275966608769024
5153367018921000960  5172279718430375936  5221276000968507392
5153402203293089792  5172281917453631488  5221276086867853312
5153424193525645312  5172283291843166208  5221276430465236992
5153432989618667520  5172284941110607872  5221276980221050880
5153441785711689728  5172286315500142592  5221278354610585600
5153450581804711936  5172291813058281472  5221280553633841152
5153472572037267456  5177032907197251584  5221286051191980032
5153507756409356288  5177041703290273792  5221294847285002240
5153542940781445120  5177050499383296000  5221303643378024448
5153578125153533952  5177059295476318208  5221308316302442496
5153600115386089472  5177064793034457088  5221308659899826176
5153608911479111680  5177066992057712640  5221308797338779648
5153617707572133888  5177069191080968192  5221308934777733120
5153626503665156096  5177070565470502912  5221309072216686592
5153635299758178304  5177071115226316800  5221309415814070272
5153644095851200512  5177071664982130688  5221309965569884160
5153652891944222720  5177072214737944576  5221311339959418880
5153661688037244928  5177072506795720704  5221313538982674432
5153683678269800448  5177072541155459072  5221315738005929984
5153718862641889280  5177072575515197440  5221317937029185536
5153740852874444800  5177072596990033920  5221320136052441088
5153749648967467008  5177072605579968512  5221322335075696640
5153758445060489216  5177072614169903104  5221324534098952192
5153767241153511424  5177072622759837696  5221326733122207744
5153789231386066944  5177072695774281728  5221328932145463296
5153811221618622464  5177072833213235200  5221331131168718848
5153820017711644672  5177072919112581120  5221333330191974400
5153828813804666880  5177072953472319488  5221335529215229952
5153837609897689088  5177072974947155968  5221337728238485504
5153859600130244608  5177072983537090560  5221339927261741056
5153894784502333440  5177072992127025152  5221342126284996608
5153916774734888960  5177073000716959744  5221344325308252160
5153925570827911168  5177073022191796224  5221346524331507712
5153934366920933376  5177073314249572352  5221348723354763264
5153943163013955584  5177073864005386240  5221350922378018816
5153951959106977792  5177074413761200128  5221353121401274368
5153960755200000000  5177075788150734848  5221355320424529920
5153969551293022208  5177077987173990400  5221357519447785472
5153975048851161088  5177080186197245952  5221359718471041024
5153977247874416640  5177082385220501504  5221361092860575744
5153978622263951360  5177084584243757056  5221361642616389632
5153979172019765248  5177086783267012608  5221362192372203520
5153979721775579136  5177088982290268160  5221362742128017408
5153980065372962816  5177094479848407040  5221363085725401088
5153980202811916288  5177103275941429248  5221363223164354560
5153980340250869760  5177108773499568128  5221363360603308032
5153980477689823232  5177110972522823680  5221363498042261504
5153981645920927744  5177113171546079232  5221363571056705536
5153987143479066624  5177115370569334784  5221363579646640128
5153995939572088832  5177120868127473664  5221363588236574720
5154004735665111040  5177126365685612544  5221363596826509312
5154009408589529088  5177128564708868096  5221363618301345792
5154009958345342976  5177130763732123648  5221363652661084160
5154010508101156864  5177132962755379200  5221363687020822528
5154011057856970752  5177138460313518080  5221363721380560896
5154012432246505472  5177147256406540288  5221363755740299264
5154014631269761024  5177156052499562496  5221363777215135744
5154016830293016576  5177164848592584704  5221363785805070336
5154018204682551296  5177170346150723584  5221363794395004928
5154018754438365184  5177172545173979136  5221363802984939520
5154019098035748864  5177174744197234688  5221363824459776000
5154019183935094784  5177176943220490240  5221363858819514368
5154019218294833152  5177182440778629120  5221363893179252736
5154019252654571520  5177191236871651328  5221363927538991104
5154019287014309888  5177200032964673536  5221363961898729472
5154019321374048256  5177208829057695744  5221364047798075392
5154019342848884736  5177217625150717952  5221364185237028864
5154019351438819328  5177226421243740160  5221364271136374784
5154019356807528448  5177235217336762368  5221364305496113152
5154019358955012096  5177257207569317888  5221364339855851520
5154019361102495744  5177292391941406720  5221364374215589888
5154019362444673024  5177732196592517120  5221364395690426368
5154019362981543936  5178031263755272192  5221364404280360960
5154019363518414848  5178053253987827712  5221364412870295552
5154019364055285760  5178062050080849920  5221364421460230144
5154019368618688512  5178070846173872128  5221364426828939264
5154019390093524992  5178079642266894336  5221364428171116544
5154019424453263360  5178101632499449856  5221364428707987456
5154019510352609280  5178136816871538688  5221364429244858368
5154019853949992960  5178172001243627520  5221364429781729280
5154020403705806848  5178193991476183040  5221364430318600192
5154020953461620736  5178199489034321920  5221364430855471104
5154021503217434624  5178201688057577472  5221364431392342016
5154021846814818304  5178203887080833024  5221364431929212928
5154021984253771776  5178206086104088576  5221364433271390208
5154022121692725248  5178211583662227456  5221364438640099328
5154022207592071168  5178220379755249664  5221364447230033920
5154022241951809536  5178229175848271872  5221364452598743040
5154022276311547904  5178237971941294080  5221364453940920320
5154022310671286272  5178246768034316288  5221364454477791232
5154022396570632192  5178255564127338496  5221364455014662144
5154022534009585664  5178277554359894016  5221364455551533056
5154022671448539136  5178312738731982848  5221364456893710336
5154022808887492608  5178347923104071680  5221364459041193984
5154023152484876288  5178383107476160512  5221364461188677632
5154023702240690176  5178418291848249344  5221364463336161280
5154024251996504064  5178453476220338176  5221364465483644928
5154024801752317952  5178488660592427008  5221364467631128576
5154025145349701632  5178523844964515840  5221364472999837696
5154025231249047552  5178545835197071360  5221364481589772288
5154025252723884032  5178554631290093568  5221364486958481408
5154025261313818624  5178563427383115776  5221364489105965056
5154025266682527744  5178572223476137984  5221364491253448704
5154025268830011392  5178646990266826752  5221364493400932352
5154025270977495040  5178734951197048832  5221364511654543360
5154025273124978688  5178756941429604352  5221364597553889280
5154025275272462336  5178765737522626560  5221364734992842752
5154025276614639616  5178774533615648768  5221364872431796224
5154025277151510528  5178783329708670976  5221365009870749696
5154025277688381440  5178792125801693184  5221365147309703168
5154025278225252352  5178797623359832064  5221365284748656640
5154025279567429632  5178798997749366784  5221365422187610112
5154025281714913280  5178799547505180672  5221365559626563584
5154025299968524288  5178800097260994560  5221365645525909504
5154025334328262656  5178800440858378240  5221365679885647872
5154025368688001024  5178800578297331712  5221365714245386240
5154025403047739392  5178800715736285184  5221365748605124608
5154025437407477760  5178800853175238656  5221365834504470528
5154025471767216128  5178802021406343168  5221365920403816448
5154025557666562048  5178804220429598720  5221365938657427456
5154025901263945728  5178809717987737600  5221365940804911104
5154026451019759616  5178818514080759808  5221365942147088384
5154031123944177664  5178827310173782016  5221365942482632704
5154039920037199872  5178836106266804224  5221365942616850432
5154048716130222080  5178853698452848640  5221365942751068160
5154057512223244288  5178871290638893056  5221365942885285888
5154063009781383168  5178880086731915264  5221365943220830208
5154065208804638720  5178885584290054144  5221365943757701120
5154067407827894272  5178886958679588864  5221365945099878400
5154069606851149824  5178887302276972544  5221365947247362048
5154075104409288704  5178887439715926016  5221365949394845696
5154083900502310912  5178887577154879488  5221365950737022976
5154105890734866432  5178887714593832960  5221365951273893888
5154127880967421952  5178888058191216640  5221365951810764800
5154136677060444160  5178888607947030528  5221365952347635712
5154145473153466368  5178889982336565248  5221365953689812992
5154154269246488576  5178892181359820800  5221365955837296640
5154176259479044096  5178897678917959680  5221365957984780288
5154211443851132928  5178906475010981888  5221365960132263936
5154246628223221760  5178915271104004096  5221365962279747584
5154281812595310592  5178924067197026304  5221365964427231232
5154316996967399424  5178932863290048512  5221365966574714880
5154352181339488256  5178941659383070720  5221365968722198528
5154374171572043776  5178947156941209600  5221365970869682176
5154382967665065984  5178949355964465152  5221365976238391296
5154388465223204864  5178951554987720704  5221365984828325888
5154389839612739584  5178953754010976256  5221365990197035008
5154390183210123264  5178959251569115136  5221365992344518656
5154390320649076736  5178968047662137344  5221365994492002304
5154390458088030208  5178976843755159552  5221365996639485952
5154390595526983680  5178982341313298432  5221365998786969600
5154390939124367360  5178984540336553984  5221366000934453248
5154391488880181248  5178986739359809536  5221366003081936896
5154392863269715968  5178988938383065088  5221366004424114176
5154395062292971520  5178991137406320640  5221366004960985088
5154400559851110400  5178993336429576192  5221366005497856000
5154422550083665920  5178995535452831744  5221366006034726912
5154457734455754752  5178997734476087296  5221366007376904192
5154479724688310272  5179069202731892736  5221366009524387840
5154485222246449152  5179157163662114816  5221366011671871488
5154487421269704704  5179179153894670336  5221366013819355136
5154488795659239424  5179187949987692544  5221366019188064256
5154489345415053312  5179196746080714752  5221366027777998848
5154489689012436992  5179205542173736960  5221366036367933440
5154489826451390464  5179227532406292480  5221366044957868032
5154489963890343936  5179262716778381312  5221366053547802624
5154490049789689856  5179297901150470144  5221366058111205376
5154490084149428224  5179333085522558976  5221366058446749696
5154490105624264704  5179355075755114496  5221366058580967424
5154490114214199296  5179363871848136704  5221366058715185152
5154490122804133888  5179372667941158912  5221366058849402880
5154490131394068480  5179378165499297792  5221366059184947200
5154490152868904960  5179380364522553344  5221366059721818112
5154490444926681088  5179382563545808896  5221366060258689024
5154491819316215808  5179384762569064448  5221366060795559936
5154494018339471360  5179403454266736640  5221366061332430848
5154495392729006080  5179491415196958720  5221366061869301760
5154495684786782208  5179632152685314048  5221366063211479040
5154495719146520576  5179772890173669376  5221366065358962688
5154495753506258944  5179847656964358144  5221366067506446336
5154495787865997312  5179853154522497024  5221366069653929984
5154495873765343232  5179855353545752576  5221366071801413632
5154496011204296704  5179857552569008128  5221366073143590912
5154496148643250176  5179858720800112640  5221366073680461824
5154496492240633856  5179858858239066112  5221366074016006144
5154497041996447744  5179858978498150400  5221366074150223872
5154498416385982464  5179859012857888768  5221366074284441600
5154500615409238016  5179859047217627136  5221366074418659328
5154506112967376896  5179859133116973056  5221366074754203648
5154514909060399104  5179859476714356736  5221366075291074560
5154523705153421312  5179860026470170624  5221366075827945472
5154532501246443520  5179860576225984512  5221366076364816384
5154541297339465728  5179865249150402560  5221366076901687296
5154563287572021248  5179874045243424768  5221366078243864576
5154598471944110080  5179896035475980288  5221366080391348224
5154633656316198912  5179931219848069120  5221366082538831872
5154655646548754432  5179966404220157952  5221366084686315520
5154664442641776640  5180054365150380032  5221366086833799168
5154673238734798848  5180195102638735360  5221366088981282816
5154682034827821056  5180283063568957440  5221366090323460096
5154690830920843264  5180318247941046272  5221366090860331008
5154699627013865472  5180353432313135104  5221366091397201920
5154708423106887680  5180388616685223936  5221366091934072832
5154717219199909888  5180423801057312768  5221366093276250112
5154726015292932096  5180458985429401600  5221366095423733760
5154731512851070976  5180494169801490432  5221366097571217408
5154733711874326528  5180529354173579264  5221366099718701056
5154735910897582080  5180617315103801344  5221366101060878336
5154737285287116800  5180705276034023424  5221366101396422656
5154737835042930688  5180740460406112256  5221366101530640384
5154738384798744576  5180762450638667776  5221366101664858112
5154738934554558464  5180771246731689984  5221366101748744192
5154743607478976512  5180780042824712192  5221366101782298624
5154752403571998720  5180788838917734400  5221366101815853056
5154761199665020928  5180797635010756608  5221366101849407488
5154769995758043136  5180806431103778816  5221366102134620160
5154778791851065344  5180815227196801024  5221366102671491072
5154787587944087552  5180824023289823232  5221366104013668352
5154796384037109760  5180832819382845440  5221366106161152000
5154805180130131968  5180838316940984320  5221366107503329280
5154813976223154176  5180840515964239872  5221366107838873600
5154822772316176384  5180842714987495424  5221366107973091328
5154844762548731904  5180844914010750976  5221366108107309056
5154879946920820736  5180847113034006528  5221366108224749568
5154901937153376256  5180849312057262080  5221366108258304000
5154910733246398464  5180851511080517632  5221366108577071104
5154919529339420672  5180853710103773184  5221366109113942016
5154928325432442880  5180855909127028736  5221366110456119296
5154950315664998400  5180858108150284288  5221366112603602944
5154985500037087232  5180859482539819008  5221366114751086592
5155020684409176064  5180860032295632896  5221366116898570240
5155055868781264896  5180860324353409024  5221366118240747520
5155091053153353728  5180860358713147392  5221366118777618432
5155126237525442560  5180860393072885760  5221366119314489344
5155161421897531392  5180860414547722240  5221366119851360256
5155183412130086912  5180860423137656832  5221366121193537536
5155192208223109120  5180860431727591424  5221366123341021184
5155197705781248000  5180860440317526016  5221366124683198464
5155199904804503552  5180860513331970048  5221366125220069376
5155201279194038272  5180860650770923520  5221366125756940288
5155201622791421952  5180860788209876992  5221366126092484608
5155201760230375424  5180861131807260672  5221366126226702336
5155201897669328896  5180881197894467584  5221366126360920064
5155202035108282368  5180903188127023104  5221366126495137792
5155202378705666048  5180911984220045312  5221366127635988480
5155202928461479936  5180920780313067520  5221366129783472128
5155204302851014656  5180929576406089728  5221366131930955776
5155209800409153536  5180935073964228608  5221366134078439424
5155284567199842304  5180937272987484160  5221366136225923072
5155359333990531072  5180938647377018880  5221366138373406720
5155364831548669952  5180939197132832768  5221366140520890368
5155367030571925504  5180939476305707008  5221366142668374016
5155369229595181056  5180939481674416128  5221366144815857664
5155370603984715776  5180939483821899776  5221366146963341312
5155371153740529664  5180939485969383424  5221366149110824960
5155371703496343552  5180939488116867072  5221366151258308608
5155372047093727232  5180939493485576192  5221366153405792256
5155372184532680704  5180939502075510784  5221366155553275904
5155372321971634176  5180939523550347264  5221366157700759552
5155372407870980096  5180939557910085632  5221366159848243200
5155372442230718464  5180939592269824000  5221366165216952320
5155372476590456832  5180939678169169920  5221366173806886912
5155372510950195200  5180939815608123392  5221366195281723392
5155376926176575488  5180939953047076864  5221366229641461760
5155385722269597696  5180940296644460544  5221366264001200128
5155407712502153216  5180941671033995264  5221366298360938496
5155442896874242048  5180943870057250816  5221366332720676864
5155478081246330880  5180946069080506368  5221366367080415232
5155500071478886400  5180947443470041088  5221366401440153600
5155508867571908608  5180947993225854976  5221366435799891968
5155517663664930816  5180948542981668864  5221366454053502976
5155526459757953024  5180948835039444992  5221366456200986624
5155535255850975232  5180948856514281472  5221366458348470272
5155540753409114112  5180948865104216064  5221366460495953920
5155542952432369664  5180948873694150656  5221366465864663040
5155545151455625216  5180948882284085248  5221366474454597632
5155546319686729728  5180948903758921728  5221366479823306752
5155546405586075648  5180948938118660096  5221366481970790400
5155546439945814016  5180949024018006016  5221366484118274048
5155546474305552384  5180949109917351936  5221366486265757696
5155546508665290752  5180949144277090304  5221366491634466816
5155546594564636672  5180949178636828672  5221366500224401408
5155546732003590144  5180949212996567040  5221366508814336000
5155547075600973824  5180949247356305408  5221366517404270592
5155547625356787712  5180949281716043776  5221366525994205184
5155548175112601600  5180949316075782144  5221366534584139776
5155548724868415488  5180949350435520512  5221366543174074368
5155549274624229376  5180949371910356992  5221366551764008960
5155549824380043264  5180949380500291584  5221366573238845440
5155550374135857152  5180949389090226176  5221366594713681920
5155551748525391872  5180949397680160768  5221366600082391040
5155553947548647424  5180949406270095360  5221366602229874688
5155556146571902976  5180949414860029952  5221366604377358336
5155561644130041856  5180949423449964544  5221366606524841984
5155570440223064064  5180949432039899136  5221366611893551104
5155579236316086272  5180949440629833728  5221366620483485696
5155588032409108480  5180949449219768320  5221366629073420288
5155596828502130688  5180949457809702912  5221366637663354880
5155602326060269568  5180949466399637504  5221366646253289472
5155604525083525120  5180949471768346624  5221366654843224064
5155605899473059840  5180949473915830272  5221366676318060544
5155606243070443520  5180949476063313920  5221366697792897024
5155606380509396992  5180949478210797568  5221366706382831616
5155606466408742912  5180949483579506688  5221366711751540736
5155606500768481280  5180949488142909440  5221366713899024384
5155606535128219648  5180949488679780352  5221366716046508032
5155606569487958016  5180949489216651264  5221366723562700800
5155606655387303936  5180949489552195584  5221366796577144832
5155606792826257408  5180949489686413312  5221366934016098304
5155606878725603328  5180949489820631040  5221367071455051776
5155606900200439808  5180949489954848768  5221367208894005248
5155606908790374400  5180949491095699456  5221367346332958720
5155606917380308992  5180949493243183104  5221367689930342400
5155606925970243584  5180949495390666752  5221368239686156288
5155606947445080064  5180949497538150400  5221368789441970176
5155606981804818432  5180949499685634048  5221369339197784064
5155607067704164352  5180949501833117696  5221369888953597952
5155607205143117824  5180949503980601344  5221370438709411840
5155607548740501504  5180949506128084992  5221370988465225728
5155608923130036224  5180949507218604032  5221371538221039616
5155614420688175104  5180949507252158464  5221372087976853504
5155623216781197312  5180949507285712896  5221372637732667392
5155632012874219520  5180949507319267328  5221372981330051072
5155654003106775040  5180949507403153408  5221373118769004544
5155689187478863872  5180949507537371136  5221373256207958016
5155724371850952704  5180949507671588864  5221373393646911488
5155759556223041536  5180949508007133184  5221373531085864960
5155794740595130368  5180949508544004096  5221373668524818432
5155829924967219200  5180949509080875008  5221373805963771904
5155865109339308032  5180949510423052288  5221373943402725376
5155900293711396864  5180949512570535936  5221374080841678848
5155935478083485696  5180949514718019584  5221374218280632320
5155970662455574528  5180949516865503232  5221374355719585792
5156005846827663360  5180949519012986880  5221374493158539264
5156041031199752192  5180949521160470528  5221374630597492736
5156063021432307712  5180949523307954176  5221374768036446208
5156071817525329920  5180949525455437824  5221374905475399680
5156080613618352128  5180949527602921472  5221375042914353152
5156089409711374336  5180949529750405120  5221375386511736832
5156098205804396544  5180949531092582400  5221375730109120512
5156107001897418752  5180949531629453312  5221375867548073984
5156115797990440960  5180949532166324224  5221375953447419904
5156120470914859008  5180949532501868544  5221375974922256384
5156121020670672896  5180949532636086272  5221375983512190976
5156121570426486784  5180949532770304000  5221375992102125568
5156121914023870464  5180949532854190080  5221376000692060160
5156122051462823936  5180949532887744512  5221376022166896640
5156122137362169856  5180949532921298944  5221376056526635008
5156122171721908224  5180949532954853376  5221376142425980928
5156122206081646592  5180949533038739456  5221376279864934400
5156122240441384960  5180949533172957184  5221376417303887872
5156122326340730880  5180949533307174912  5221376554742841344
5156123494571835392  5180949533441392640  5221376692181794816
5156125693595090944  5180949533776936960  5221377035779178496
5156127892618346496  5180949534313807872  5221377379376562176
5156146584316018688  5180949534850678784  5221377516815515648
5156168574548574208  5180949536192856064  5221377654254469120
5156177370641596416  5180949538340339712  5221377791693422592
5156186166734618624  5180949543709048832  5221377877592768512
5156194962827640832  5180949549077757952  5221377911952506880
5156203758920663040  5180949551225241600  5221377946312245248
5156212555013685248  5180949553372725248  5221377980671983616
5156221351106707456  5180949555520208896  5221378015031721984
5156226848664846336  5180949557667692544  5221378049391460352
5156228223054381056  5180949559815176192  5221378083751198720
5156228772810194944  5180949561962659840  5221378118110937088
5156229322566008832  5180949564110143488  5221378152470675456
5156229872321822720  5180949566257627136  5221378186830413824
5156231246711357440  5180949568405110784  5221378221190152192
5156233445734612992  5180949570552594432  5221378255549890560
5156238943292751872  5180949572700078080  5221378289909628928
5156247739385774080  5180949574847561728  5221378324269367296
5156256535478796288  5180949576995045376  5221378358629105664
5156265331571818496  5180949579142529024  5221378392988844032
5156274127664840704  5180949581290012672  5221378427348582400
5156282923757862912  5180949586658721792  5221378461708320768
5156291719850885120  5180949595248656384  5221378496068059136
5156300515943907328  5180949603838590976  5221378530427797504
5156322506176462848  5180949612428525568  5221378616327143424
5156344496409018368  5180949621018460160  5221378753766096896
5156353292502040576  5180949629608394752  5221378891205050368
5156362088595062784  5180949638198329344  5221379234802434048
5156370884688084992  5180949646788263936  5221379784558247936
5156379680781107200  5180949652156973056  5221380076616024064
5156388476874129408  5180949654304456704  5221380110975762432
5156393974432268288  5180949655646633984  5221380145335500800
5156396173455523840  5180949656183504896  5221380179695239168
5156398372478779392  5180949656720375808  5221380265594585088
5156400571502034944  5180949657257246720  5221380403033538560
5156406069060173824  5180949658599424000  5221380540472492032
5156428059292729344  5180949663968133120  5221381708703596544
5156463243664818176  5180949672558067712  5221383907726852096
5156485233897373696  5180949681148002304  5221386106750107648
5156494029990395904  5180949689737936896  5221387481139642368
5156502826083418112  5180949698327871488  5221388030895456256
5156508323641556992  5180949706917806080  5221388580651270144
5156510522664812544  5180949728392642560  5221389130407084032
5156512721688068096  5180949749867479040  5221389474004467712
5156514920711323648  5180949758457413632  5221389611443421184
5156517119734579200  5180949763826122752  5221389697342767104
5156519318757834752  5180949765973606400  5221389731702505472
5156521517781090304  5180949768121090048  5221389766062243840
5156523716804345856  5180949770268573696  5221389800421982208
5156529214362484736  5180949775637282816  5221389886321328128
5156538010455506944  5180949797112119296  5221390023760281600
5156546806548529152  5180949831471857664  5221390109659627520
5156568796781084672  5180949865831596032  5221390144019365888
5156590787013640192  5180949900191334400  5221390178379104256
5156599583106662400  5180949986090680320  5221390212738842624
5156608379199684608  5180950123529633792  5221390234213679104
5156613876757823488  5180950260968587264  5221390242803613696
5156615251147358208  5180950398407540736  5221390251393548288
5156615800903172096  5180950742004924416  5221390259983482880
5156616350658985984  5180951085602308096  5221390268573417472
5156616711436238848  5180951171501654016  5221390277163352064
5156616732911075328  5180951205861392384  5221390285753286656
5156616741501009920  5180951240221130752  5221390294343221248
5156616750090944512  5180951274580869120  5221390302933155840
5156616758680879104  5180951296055705600  5221390311523090432
5156616831695323136  5180951304645640192  5221390316891799552
5156616969134276608  5180951313235574784  5221390319039283200
5156617106573230080  5180951321825509376  5221390321186766848
5156618274804334592  5180951330415443968  5221390323334250496
5156620473827590144  5180951339005378560  5221390328702959616
5156625971385729024  5180951347595313152  5221390350177796096
5156630644310147072  5180951356185247744  5221390371652632576
5156631194065960960  5180951361553956864  5221390380242567168
5156631743821774848  5180951363701440512  5221390388832501760
5156632087419158528  5180951365848924160  5221390397422436352
5156632224858112000  5180951367996407808  5221390418897272832
5156632362297065472  5180951370143891456  5221390453257011200
5156632499736018944  5180951372291375104  5221390487616749568
5156632572750462976  5180951374438858752  5221390521976487936
5156632581340397568  5180951376586342400  5221390556336226304
5156632589930332160  5180951381955051520  5221390590695964672
5156632598520266752  5180951390544986112  5221390625055703040
5156632603888975872  5180951412019822592  5221390646530539520
5156632606036459520  5180951430273433600  5221390655120474112
5156632608183943168  5180951432420917248  5221390663710408704
5156632610331426816  5180951434568400896  5221390672300343296
5156632615700135936  5180951435910578176  5221390680890277888
5156632624290070528  5180951436447449088  5221390689480212480
5156632632880005120  5180951436984320000  5221390694848921600
5156632654354841600  5180951437319864320  5221390696996405248
5156632688714579968  5180951437454082048  5221390699143888896
5156632774613925888  5180951437537968128  5221390701291372544
5156632912052879360  5180951437571522560  5221390706660081664
5156633049491832832  5180951437605076992  5221390712028790784
5156633393089216512  5180951437638631424  5221390714176274432
5156633942845030400  5180951437722517504  5221390716323758080
5156634492600844288  5180951438058061824  5221390718471241728
5156635866990379008  5180951438594932736  5221390719813419008
5156638066013634560  5180951439131803648  5221390720148963328
5156643563571773440  5180951439668674560  5221390720283181056
5156652359664795648  5180951441010851840  5221390720367067136
5156674349897351168  5180951443158335488  5221390720400621568
5156709534269440000  5180951445305819136  5221390720434176000
5156731524501995520  5180951450674528256  5221390720467730432
5156740320595017728  5180951459264462848  5221390720551616512
5156749116688039936  5180951467854397440  5221390720887160832
5156757912781062144  5180951476444332032  5221390721424031744
5156779903013617664  5180951481007734784  5221390722766209024
5156815087385706496  5180951481544605696  5221390724913692672
5156850271757795328  5180951482081476608  5221390727061176320
5156885456129884160  5180951482417020928  5221390729208659968
5156907446362439680  5180951482551238656  5221390731356143616
5156916242455461888  5180951482635124736  5221390733503627264
5156925038548484096  5180951482668679168  5221390735651110912
5156930536106622976  5180951482702233600  5221390741019820032
5156932735129878528  5180951482735788032  5221390749609754624
5156934934153134080  5180951482819674112  5221390754978463744
5156937133176389632  5180951483960524800  5221390757125947392
5156955824874061824  5180951486108008448  5221390759273431040
5156991009246150656  5180951488255492096  5221390761420914688
5157012999478706176  5180951493624201216  5221390766789623808
5157021795571728384  5180951515099037696  5221390775379558400
5157030591664750592  5180951549458776064  5221390783969492992
5157039387757772800  5180951583818514432  5221390792559427584
5157061377990328320  5180951618178252800  5221390801149362176
5157083368222883840  5180951652537991168  5221390809739296768
5157092164315906048  5180951686897729536  5221390818329231360
5157100960408928256  5180951721257467904  5221390826919165952
5157105633333346304  5180951742732304384  5221390835509100544
5157106183089160192  5180951751322238976  5221390844099035136
5157106732844974080  5180951759912173568  5221390852688969728
5157107076442357760  5180951768502108160  5221390861278904320
5157107162341703680  5180951789976944640  5221390869868838912
5157107196701442048  5180951824336683008  5221390878458773504
5157107231061180416  5180951910236028928  5221390887048708096
5157107265420918784  5180951996135374848  5221390895638642688
5157107351320264704  5180952030495113216  5221390904228577280
5157107488759218176  5180952064854851584  5221390912818511872
5157108656990322688  5180952099214589952  5221390934293348352
5157110856013578240  5180952391272366080  5221390968653086720
5157113055036833792  5180952941028179968  5221391003012825088
5157131746734505984  5180953233085956096  5221391037372563456
5157166931106594816  5180953267445694464  5221391071732301824
5157202115478683648  5180953301805432832  5221391106092040192
5157237299850772480  5180953336165171200  5221391140451778560
5157272484222861312  5180953370524909568  5221391174811516928
5157307668594950144  5180953404884647936  5221391260710862848
5157395629525172224  5180953439244386304  5221391398149816320
5157536367013527552  5180953473604124672  5221391535588769792
5157624327943749632  5180953507963863040  5221391673027723264
5157659512315838464  5180953529438699520  5221391810466676736
5157694696687927296  5180953538028634112  5221391947905630208
5157729881060016128  5180953546618568704  5221392085344583680
5157817841990238208  5180953555208503296  5221392171243929600
5157892608780926976  5180953576683339776  5221392205603667968
5157901404873949184  5180953598158176256  5221392239963406336
5157910200966971392  5180953606748110848  5221392274323144704
5157918997059993600  5180953615338045440  5221392295797981184
5157940987292549120  5180953620706754560  5221392304387915776
5157962977525104640  5180953622854238208  5221392312977850368
5157971773618126848  5180953625001721856  5221392321567784960
5157980569711149056  5180953627149205504  5221392330157719552
5157986067269287936  5180953629296689152  5221392338747654144
5157988266292543488  5180953631444172800  5221392347337588736
5157990465315799040  5180953632786350080  5221392355927523328
5157992664339054592  5180953633323220992  5221392361296232448
5158011356036726784  5180953633860091904  5221392363443716096
5158046540408815616  5180953634195636224  5221392365591199744
5158068530641371136  5180953634329853952  5221392367738683392
5158077326734393344  5180953634464071680  5221392369886167040
5158086122827415552  5180953634598289408  5221392372033650688
5158094918920437760  5180953635739140096  5221392374181134336
5158103715013459968  5180953637886623744  5221392376328617984
5158108387937878016  5180953640034107392  5221392378476101632
5158108937693691904  5180953642181591040  5221392380623585280
5158109487449505792  5180953643523768320  5221392382771068928
5158110037205319680  5180953644060639232  5221392384918552576
5158111411594854400  5180953644597510144  5221392387066036224
5158113610618109952  5180953645134381056  5221392389213519872
5158114985007644672  5180953649697783808  5221392391361003520
5158115534763458560  5180953658287718400  5221392393508487168
5158116084519272448  5180953679762554880  5221392398877196288
5158116634275086336  5180953714122293248  5221392404245905408
5158121307199504384  5180953735597129728  5221392406393389056
5158130103292526592  5180953744187064320  5221392408540872704
5158138899385548800  5180953752776998912  5221392410688356352
5158147695478571008  5180953761366933504  5221392416057065472
5158156491571593216  5180953769956868096  5221392424647000064
5158161989129732096  5180953778546802688  5221392446121836544
5158164188152987648  5180953787136737280  5221392480481574912
5158166387176243200  5180953795726671872  5221392514841313280
5158168586199498752  5180953817201508352  5221392549201051648
5158187277897170944  5180953851561246720  5221392583560790016
5158209268129726464  5180953885920985088  5221392617920528384
5158218064222748672  5180953920280723456  5221392652280266752
5158226860315770880  5180953954640461824  5221392686640005120
5158235656408793088  5180953989000200192  5221392772539351040
5158257646641348608  5180954023359938560  5221392909978304512
5158292831013437440  5180954109259284480  5221393047417257984
5158328015385526272  5180954246698237952  5221393133316603904
5158363199757615104  5180954384137191424  5221393154791440384
5158398384129703936  5180954521576144896  5221393163381374976
5158433568501792768  5180954659015098368  5221393171971309568
5158468752873881600  5180954796454051840  5221393180561244160
5158503937245970432  5180955140051435520  5221393202036080640
5158525927478525952  5180955689807249408  5221393236395819008
5158530394244513792  5180957064196784128  5221393528453595136
5158530531683467264  5180959263220039680  5221394902843129856
5158530617582813184  5180961462243295232  5221397101866385408
5158530639057649664  5180962836632829952  5221399300889640960
5158530647647584256  5180963180230213632  5221401499912896512
5158530656237518848  5180963317669167104  5221403698936152064
5158530664827453440  5180963455108120576  5221409196494290944
5158530673417388032  5180963592547074048  5221417992587313152
5158530682007322624  5180963936144457728  5221423490145452032
5158530690597257216  5180964485900271616  5221425689168707584
5158530699187191808  5180965035656085504  5221427888191963136
5158530720662028288  5180965585411899392  5221429262581497856
5158530806561374208  5180966135167713280  5221429812337311744
5158531150158757888  5180966427225489408  5221430362093125632
5158531699914571776  5180966461585227776  5221430911848939520
5158532249670385664  5180966495944966144  5221432286238474240
5158533624059920384  5180966530304704512  5221434485261729792
5158535823083175936  5180966564664442880  5221436684284985344
5158538022106431488  5180966599024181248  5221438883308240896
5158543519664570368  5180966633383919616  5221444380866379776
5158552315757592576  5180966654858756096  5221449878424518656
5158574305990148096  5180966663448690688  5221452077447774208
5158592997687820288  5180966672038625280  5221454276471029760
5158595196711075840  5180966680628559872  5221456475494285312
5158597395734331392  5180966753643003904  5221461973052424192
5158598563965435904  5180966891081957376  5221467470610563072
5158598701404389376  5180968059313061888  5221469669633818624
5158598838843342848  5180973556871200768  5221471868657074176
5158598976282296320  5180982352964222976  5221474067680329728
5158599319879680000  5180991149057245184  5221476266703585280
5158599869635493888  5180999945150267392  5221478465726840832
5158600419391307776  5181021935382822912  5221480664750096384
5158605092315725824  5181057119754911744  5221482863773351936
5158613888408748032  5181092304127000576  5221485062796607488
5158622684501770240  5181180265057222656  5221486437186142208
5158644674734325760  5181268225987444736  5221486986941956096
5158679859106414592  5181303410359533568  5221487536697769984
5158715043478503424  5181338594731622400  5221488086453583872
5158750227850592256  5181373779103711232  5221489460843118592
5158772218083147776  5181461740033933312  5221491659866374144
5158781014176169984  5181549700964155392  5221493858889629696
5158789810269192192  5181584885336244224  5221495233279164416
5158798606362214400  5181620069708333056  5221495576876548096
5158803279286632448  5181655254080421888  5221495714315501568
5158803829042446336  5181690438452510720  5221495851754455040
5158804121100222464  5181725622824599552  5221495937653800960
5158804155459960832  5181760807196688384  5221495972013539328
5158804189819699200  5181782797429243904  5221496006373277696
5158804224179437568  5181791593522266112  5221496040733016064
5158804310078783488  5181800389615288320  5221496332790792192
5158804447517736960  5181809185708310528  5221496882546606080
5158804584956690432  5181883952498999296  5221498256936140800
5158804928554074112  5182024689987354624  5221500455959396352
5158806302943608832  5182112650917576704  5221502654982651904
5158808501966864384  5182147835289665536  5221504854005907456
5158810700990119936  5182183019661754368  5221507053029163008
5158812900013375488  5182218204033843200  5221509252052418560
5158815099036631040  5182306164964065280  5221511451075674112
5158817298059886592  5182446902452420608  5221513650098929664
5158819497083142144  5182587639940775936  5221515849122185216
5158824994641281024  5182728377429131264  5221518048145440768
5158833790734303232  5182869114917486592  5221523545703579648
5158855780966858752  5183009852405841920  5221529043261718528
5158943741897080832  5183150589894197248  5221530417651253248
5159084479385436160  5183291327382552576  5221530967407067136
5159172440315658240  5183432064870907904  5221531311004450816
5159277993431924736  5183572802359263232  5221531448443404288
5159313177804013568  5183660763289485312  5221531585882357760
5159348362176102400  5183695947661574144  5221531723321311232
5159367053873774592  5183731132033662976  5221532066918694912
5159369252897030144  5183766316405751808  5221533441308229632
5159370627286564864  5183854277335973888  5221535640331485184
5159371177042378752  5183995014824329216  5221541137889624064
5159371520639762432  5184135752312684544  5221549933982646272
5159371658078715904  5184276489801039872  5221558730075668480
5159371795517669376  5184351256591728640  5221564227633807360
5159372276554006528  5184360052684750848  5221566426657062912
5159373650943541248  5184368848777773056  5221568625680318464
5159379148501680128  5184377644870795264  5221570824703574016
5159387944594702336  5184399635103350784  5221572199093108736
5159393442152841216  5184434819475439616  5221572748848922624
5159394816542375936  5184470003847528448  5221573092446306304
5159395366298189824  5184505188219617280  5221573229885259776
5159395709895573504  5184540372591706112  5221573367324213248
5159395795794919424  5184575556963794944  5221573504763166720
5159395830154657792  5184610741335883776  5221573848360550400
5159395864514396160  5184698702266105856  5221575222750085120
5159395898874134528  5184839439754461184  5221576597139619840
5159395984773480448  5184927400684683264  5221577146895433728
5159396122212433920  5184962585056772096  5221577696651247616
5159396465809817600  5184997769428860928  5221578246407061504
5159397840199352320  5185019759661416448  5221578796162875392
5159400039222607872  5185025257219555328  5221579139760259072
5159405536780746752  5185026425450659840  5221579212774703104
5159414332873768960  5185026562889613312  5221579221364637696
5159423128966791168  5185026648788959232  5221579226733346816
5159431925059813376  5185026683148697600  5221579228880830464
5159453915292368896  5185026704623534080  5221579231028314112
5159489099664457728  5185026713213468672  5221579233175797760
5159524284036546560  5185026721803403264  5221579238544506880
5159559468408635392  5185026730393337856  5221579247134441472
5159581458641190912  5185026751868174336  5221579255724376064
5159590254734213120  5185026837767520256  5221579264314310656
5159599050827235328  5185026975206473728  5221579269683019776
5159607846920257536  5185027112645427200  5221579271830503424
5159612519844675584  5185027250084380672  5221579273977987072
5159612863442059264  5185027335983726592  5221579276125470720
5159612949341405184  5185027370343464960  5221579294379081728
5159612970816241664  5185027404703203328  5221579328738820096
5159612979406176256  5185027439062941696  5221579414638166016
5159612987996110848  5185027731120717824  5221579552077119488
5159612996586045440  5185028074718101504  5221579895674503168
5159613018060881920  5185028160617447424  5221580445430317056
5159613052420620288  5185028182092283904  5221585118354735104
5159613138319966208  5185028190682218496  5221593914447757312
5159613275758919680  5185028199272153088  5221602710540779520
5159613619356303360  5185028207862087680  5221611506633801728
5159614169112117248  5185028229336924160  5221620302726823936
5159615543501651968  5185028349596008448  5221629098819846144
5159617742524907520  5185028487034961920  5221637894912868352
5159619116914442240  5185029655266066432  956188088072142848
5159619666670256128  5185031854289321984  956223272444231680
5159620010267639808  5185037351847460864  956258456816320512
5159620147706593280  5185046147940483072  956293641188409344
5159620285145546752  5185068138173038592  956328825560498176
5159620422584500224  5185103322545127424  956364009932587008
5159620766181883904  5185138506917216256  956399194304675840
5159625439106301952  5185173691289305088  956421184537231360
5159634235199324160  5185208875661393920  956429980630253568
5159643031292346368  5185244060033482752  956438776723275776
5159665021524901888  5185279244405571584  956446473304670208
5159687011757457408  5185314428777660416  956447847694204928
5159695807850479616  5185402389707882496  956448397450018816
5159701305408618496  5185543127196237824  956448947205832704
5159703504431874048  5185617893986926592  956450871351181312
5159705703455129600  5185626690079948800  956733445839519744
5159707077844664320  5185635486172971008  957085289560408064
5159707627600478208  5185644282265993216  957226027048763392
5159708177356292096  5185666272498548736  957300793839452160
5159708727112105984  5185701456870637568  957309589932474368
5159713400036524032  5185736641242726400  957318386025496576
5159722196129546240  5185824602172948480  957327182118518784
5159730992222568448  5185965339661303808  957335978211540992
5159739788315590656  5186106077149659136  957344774304563200
5159745285873729536  5186246814638014464  957353570397585408
5159747484896985088  5186387552126369792  957362366490607616
5159749683920240640  5186528289614725120  957371162583629824
5159751882943496192  5186669027103080448  957376660141768704
5159757380501635072  5186809764591435776  957378034531303424
5159766176594657280  5186950502079791104  957378584287117312
5159774972687679488  5187091239568146432  957379134042931200
5159783768780701696  5187179200498368512  957379477640314880
5159805759013257216  5187214384870457344  957379615079268352
5159840943385346048  5187245171196035072  957379752518221824
5159928904315568128  5187250668754173952  957379889957175296
5161833258454876160  5187252867777429504  957381058188279808
5161842054547898368  5187254242166964224  957383257211535360
5161846727472316416  5187254791922778112  957419541095251968
5161847277228130304  5187255341678592000  957454725467340800
5161847826983944192  5187255891434405888  957489909839429632
5161848376739758080  5187257265823940608  957511900071985152
5161849751129292800  5187262763382079488  957520696165007360
5161851950152548352  5187284753614635008  957529492258029568
5161854149175803904  5187319937986723840  957538288351051776
5161859646733942784  5187355122358812672  957560278583607296
5161881636966498304  5187390306730901504  957859345746362368
5161916821338587136  5187425491102990336  958721362862538752
5161952005710675968  5187513452033212416  958743353095094272
5162039966640898048  5187654189521567744  958752149188116480
5162532547850141696  5187794927009923072  958760945281138688
5167950941151821824  5187935664498278400  958769741374160896
5168038902082043904  5188076401986633728  958778537467183104
5168060892314599424  5188217139474989056  958784035025321984
5168069688407621632  5188357876963344384  958786234048577536
5168078484500643840  5188445837893566464  958788433071833088
5168083982058782720  5188481022265655296  958789807461367808
5168086181082038272  5188503012498210816  958790357217181696
5168088380105293824  5188511808591233024  958790906972995584
5168089754494828544  5188517306149371904  958791250570379264
5168090304250642432  5188519505172627456  958791388009332736
5168090854006456320  5188521704195883008  958791473908678656
5168091403762270208  5188529400777277440  958791495383515136
5168092778151804928  5188551391009832960  958791503973449728
5168094152541339648  5188586575381921792  958791512563384320
5168094702297153536  5188621759754010624  958791521153318912
5168095252052967424  5188656944126099456  958791542628155392
5168095801808781312  5188692128498188288  958791564102991872
5168097176198316032  5188991195660943360  958791572692926464
5168099375221571584  5189290262823698432  958791581282861056
5168101574244827136  5189325447195787264  958791588799053824
5168102690936324096  5189360631567876096  958791590946537472
5168102725296062464  5189395815939964928  958791593094021120
5168102759655800832  5189483776870187008  958791662887239680
5168102794015539200  5189571737800409088  958791800326193152
5168102828375277568  5189606922172497920  958791873340637184
5168102862735015936  5189642106544586752  958791881930571776
5168102897094754304  5189664096777142272  958791890520506368
5168102931454492672  5189672892870164480  958791899110440960
5168103017353838592  5189681688963186688  958791920585277440
5168103154792792064  5189690485056208896  958791954945015808
5168103498390175744  5189712475288764416  958791989304754176
5168104048145989632  5189747659660853248  958792075204100096
5168104597901803520  5189782844032942080  958792212643053568
5168105972291338240  5189804834265497600  958792556240437248
5168108171314593792  5189810331823636480  958793105996251136
5168113668872732672  5189812530846892032  958793655752065024
5168122464965754880  5189814729870147584  958795030141599744
5168127962523893760  5189816104259682304  958797229164855296
5168130161547149312  5189816447857065984  958799428188110848
5168132360570404864  5189816533756411904  958800802577645568
5168133734959939584  5189816568116150272  958801352333459456
5168134284715753472  5189816602475888640  958801902089273344
5168134834471567360  5189816636835627008  958802451845087232
5168135384227381248  5189816722734972928  958803001600901120
5168140057151799296  5189816860173926400  958803551356715008
5168148853244821504  5189817203771310080  958804101112528896
5168157649337843712  5189817753527123968  958804650868342784
5168166445430865920  5189822426451542016  958806025257877504
5168175241523888128  5189831222544564224  958808224281133056
5168180739082027008  5189853212777119744  958897284722982912
5168182938105282560  5189888397149208576  958932469095071744
5168185137128538112  5189923581521297408  958967653467160576
5168187336151793664  5189958765893386240  959055614397382656
5168188710541328384  5190046726823608320  959143575327604736
5168189260297142272  5190187464311963648  959178759699693568
5168189810052956160  5190328201800318976  959197451397365760
5168190153650339840  5190416162730541056  959198619628470272
5168190291089293312  5190451347102629888  959198757067423744
5168190428528246784  5190486531474718720  959198894506377216
5168190565967200256  5190521715846807552  959198980405723136
5168191734198304768  5190609676777029632  959199014765461504
5168193933221560320  5190750414265384960  959199049125199872
5168196132244815872  5190891151753740288  959199083484938240
5168201629802954752  5190979112683962368  959199375542714368
5168210425895976960  5191014297056051200  959199925298528256
5168219221988999168  5191036287288606720  959200475054342144
5168228018082021376  5191045083381628928  959201849443876864
5168250008314576896  5191053879474651136  959204048467132416
5168285192686665728  5191062675567673344  959209546025271296
5168320377058754560  5191084665800228864  959218342118293504
5168342367291310080  5191172626730450944  959227138211315712
5168351163384332288  5191313364218806272  959249128443871232
5168359959477354496  5191454101707161600  959284312815960064
5168367175022411776  5191542062637383680  959306303048515584
5168367312461365248  5191577247009472512  959315099141537792
5168367449900318720  5191612431381561344  959323895234560000
5168367587339272192  5191647615753650176  959332691327582208
5168367930936655872  5191735576683872256  959354681560137728
5168368480692469760  5191876314172227584  959389865932226560
5168369855082004480  5192017051660582912  959411856164782080
5168496298919198720  5192105012590804992  959420652257804288
5168518289151754240  5192140196962893824  959426149815943168
5168527085244776448  5192175381334982656  959427524205477888
5168535881337798656  5192210565707071488  959427867802861568
5168544677430820864  5192228432771022848  959428005241815040
5168654628593598464  5192228982526836736  959428142680768512
5168742589523820544  5192229274584612864  959428228580114432
5168764579756376064  5192229308944351232  959428262939852800
5168773375849398272  5192229343304089600  959428297299591168
5168782171942420480  5192229377663827968  959428331659329536
5168790968035442688  5192229463563173888  959428623717105664
5168812958267998208  5192229738441080832  959429173472919552
5168848142640087040  5192230082038464512  959430547862454272
5168936103570309120  5192231456427999232  959432746885709824
5169024064500531200  5192233655451254784  959438244443848704
5169059248872620032  5192235854474510336  959460234676404224
5169094433244708864  5192241352032649216  959495419048493056
5169129617616797696  5192250148125671424  959530603420581888
5169164801988886528  5192258944218693632  959552593653137408
5169199986360975360  5192267740311715840  959558091211276288
5169235170733064192  5192273014531555328  959560290234531840
5169270355105153024  5192273036006391808  959562489257787392
5169292345337708544  5192273053186260992  959564688281042944
5169297018262126592  5192273058554970112  959566887304298496
5169297568017940480  5192273060702453760  959569086327554048
5169297911615324160  5192273062849937408  959571285350809600
5169298049054277632  5192273064997421056  959573484374065152
5169298134953623552  5192273083251032064  959578981932204032
5169298169313361920  5192273169150377984  959600972164759552
5169298203673100288  5192273512747761664  959622962397315072
5169298238032838656  5192274062503575552  959631758490337280
5169298323932184576  5192275436893110272  959640554583359488
5169298667529568256  5192277635916365824  959649350676381696
5169299217285382144  5192279834939621376  959665018717077504
5169299767041196032  5192285332497760256  959665568472891392
5169300316797009920  5192294128590782464  959666118228705280
5169300866552823808  5192302924683804672  959706525281026048
5169302240942358528  5192311720776826880  959729683744686080
5169303615331893248  5192320516869849088  959729821183639552
5169303958929276928  5192326014427987968  959729907082985472
5169304031943720960  5192328213451243520  959729928557821952
5169304040533655552  5192330412474499072  959729945737691136
5169304049123590144  5192331580705603584  959729954327625728
5169304057713524736  5192331718144557056  959729962917560320
5169304066303459328  5192331855583510528  959729971507494912
5169304074893393920  5192331993022464000  959729980097429504
5169304083483328512  5192332336619847680  959729988687364096
5169304092073263104  5192332886375661568  959730010162200576
5169304113548099584  5192333436131475456  959730096061546496
5169304147907837952  5192351303195426816  959730439658930176
5169304233807183872  5192439264125648896  959731814048464896
5169304371246137344  5192580001614004224  959734013071720448
5169304714843521024  5192654768404692992  959736212094976000
5169305264599334912  5192663564497715200  959738411118231552
5169309937523752960  5192672360590737408  959739785507766272
5169318733616775168  5192681156683759616  959740885019394048
5169340723849330688  5192703146916315136  959741434775207936
5169375908221419520  5192738331288403968  959746107699625984
5169397898453975040  5192773515660492800  959751605257764864
5169406694546997248  5192808700032581632  959752979647299584
5169411367471415296  5192865874637225984  959753323244683264
5169411917227229184  5192874670730248192  959753409144029184
5169412466983043072  5192883466823270400  959753443503767552
5169413016738856960  5192892262916292608  959753477863505920
5169414391128391680  5192914253148848128  959753512223244288
5169416590151647232  5193002214079070208  959753598122590208
5169418789174902784  5193142951567425536  959753735561543680
5169424286733041664  5193230912497647616  959763699885670400
5169433082826063872  5193252902730203136  959772495978692608
5169441878919086080  5193261698823225344  959781292071714816
5169447376477224960  5193270494916247552  959790088164737024
5169449575500480512  5193279291009269760  959900039327514624
5169451774523736064  5193336465613914112  960181514304225280
5169453148913270784  5193424426544136192  960322251792580608
5169453698669084672  5193565164032491520  960462989280935936
5169453990726860800  5193705901520846848  960550950211158016
5169454025086599168  5194057745241735168  960586134583246848
5169454059446337536  5194497549892845568  960621318955335680
5169454093806075904  5194519540125401088  960656503327424512
5169454179705421824  5194528336218423296  960691687699513344
5169454317144375296  5194537132311445504  960710379397185536
5169454454583328768  5194542629869584384  960712578420441088
5169454798180712448  5194544828892839936  960714777443696640
5169459471105130496  5194547027916095488  960716151833231360
5169468267198152704  5194549226939351040  960716701589045248
5169477063291174912  5194567918637023232  960717251344859136
5169485859384197120  5194603103009112064  960717594942242816
5169491356942336000  5194691063939334144  960717732381196288
5169493555965591552  5196028070078709760  960717818280542208
5169495754988847104  5217631274541252608  960717852640280576
5169497954012102656  5217772012029607936  960717887000018944
5169516645709774848  5218282185424896000  960717921359757312
5169538635942330368  5218317369796984832  960718007259103232
5169547432035352576  5218352554169073664  960722474025091072
5169556228128374784  5218374544401629184  960731270118113280
5169565024221396992  5218380041959768064  960740066211135488
5169587014453952512  5218382240983023616  960762056443691008
5169622198826041344  5218384440006279168  960797240815779840
5169657383198130176  5218385814395813888  960885201746001920
5169679373430685696  5218386364151627776  961025939234357248
5169688169523707904  5218386707749011456  961166676722712576
5169696965616730112  5218386845187964928  961307414211067904
5169705761709752320  5218386982626918400  961382181001756672
5169727751942307840  5218387120065871872  961390977094778880
5169762936314396672  5218387463663255552  961399773187801088
5169798120686485504  5218392136587673600  961408569280823296
5169815987750436864  5218400932680695808  961430559513378816
5169816537506250752  5218422922913251328  961465743885467648
5169817087262064640  5218458107285340160  961487734118023168
5169817430859448320  5218528476029517824  961496530211045376
5169817568298401792  5218563660401606656  961505326304067584
5169817705737355264  5218582352099278848  961514122397089792
5169817843176308736  5218584551122534400  961799995420311552
5169819011407413248  5218586750145789952  962151839141199872
5169821210430668800  5218588949169045504  962292576629555200
5169823409453924352  5218594446727184384  
5169828907012063232  5218603242820206592  
5169837703105085440  5218612038913228800